,Unnamed: 0,property_type,sector,price,bedRoom,bathroom,balcony,agePossession,built_up_area,servant room,store room,furnishing_type,luxury_category,floor_category
0,299,flat,sector 90,1.7,4.0,4.0,4.0,0.0,2005.0,1.0,0.0,0.0,1.0,0.0
1,2240,flat,sector 92,0.78,2.0,2.0,2.0,1.0,1083.0,0.0,0.0,1.0,1.0,1.0
2,2384,flat,sector 37d,1.1,3.0,3.0,2.0,4.0,1439.0,0.0,0.0,0.0,1.0,1.0
3,3473,house,sector 23,5.0,4.0,4.0,2.0,2.0,3078.0,0.0,0.0,0.0,1.0,1.0
4,2614,flat,sector 102,2.65,4.0,5.0,4.0,0.0,2311.0,1.0,0.0,0.0,2.0,0.0
5,2583,flat,sector 76,4.0,4.0,4.0,2.0,4.0,3889.0,1.0,0.0,1.0,2.0,2.0
6,2029,house,sector 67,8.0,6.0,7.0,4.0,0.0,3600.0,1.0,0.0,1.0,1.0,0.0
7,1340,flat,sector 77,1.55,4.0,4.0,4.0,3.0,1800.0,1.0,0.0,2.0,1.0,1.0
8,1378,flat,sector 83,1.25,4.0,4.0,3.0,0.0,1970.0,1.0,0.0,0.0,2.0,0.0
9,2202,flat,sector 71,1.3,4.0,4.0,3.0,0.0,2127.0,1.0,0.0,0.0,2.0,2.0
10,3145,flat,sector 47,1.8,4.0,4.0,4.0,0.0,2857.0,0.0,1.0,1.0,2.0,2.0
11,847,flat,sector 81,0.95,2.0,2.0,2.0,3.0,1260.0,0.0,0.0,1.0,0.0,0.0
12,1744,flat,sector 67,3.05,3.0,3.0,4.0,3.0,2029.0,1.0,0.0,1.0,0.0,0.0
13,1034,flat,sector 56,1.38,3.0,3.0,3.0,0.0,1910.0,0.0,0.0,1.0,2.0,2.0
14,1655,house,sector 50,10.0,5.0,7.0,2.0,0.0,7000.0,1.0,0.0,2.0,1.0,2.0
15,1018,flat,sector 88a,1.45,2.0,2.0,4.0,3.0,133.0,0.0,0.0,2.0,2.0,2.0
16,2123,flat,sector 58,2.2,2.0,2.0,2.0,3.0,1244.0,0.0,0.0,0.0,1.0,2.0
17,1070,flat,sector 95,0.45,2.0,2.0,1.0,3.0,887.0,0.0,0.0,0.0,2.0,1.0
18,1801,flat,sector 77,0.75,2.0,2.0,2.0,3.0,1140.0,0.0,1.0,1.0,2.0,2.0
19,1786,flat,sector 102,2.5,4.0,5.0,4.0,3.0,2600.0,1.0,0.0,1.0,0.0,2.0
20,829,flat,sector 37d,1.49,3.0,3.0,3.0,3.0,1707.0,0.0,0.0,0.0,1.0,0.0
21,2087,flat,sector 89,1.6,3.0,3.0,3.0,1.0,1774.0,0.0,0.0,0.0,2.0,2.0
22,414,flat,sector 86,0.6,3.0,2.0,2.0,1.0,833.0,0.0,0.0,0.0,1.0,1.0
23,457,flat,sector 81,0.89,2.0,2.0,2.0,4.0,1194.0,0.0,0.0,0.0,1.0,2.0
24,781,flat,sector 79,1.95,3.0,4.0,4.0,1.0,1659.0,1.0,0.0,0.0,1.0,2.0
25,3443,flat,sector 65,2.8,4.0,4.0,3.0,3.0,2194.0,1.0,0.0,1.0,2.0,1.0
26,134,flat,sector 107,1.15,2.0,2.0,3.0,3.0,1281.0,0.0,0.0,0.0,1.0,1.0
27,70,flat,sector 102,0.45,1.0,1.0,2.0,3.0,750.0,0.0,0.0,0.0,1.0,2.0
28,1078,flat,sector 92,1.0,4.0,3.0,2.0,3.0,2167.0,0.0,0.0,0.0,1.0,1.0
29,2420,house,sector 50,10.55,5.0,5.0,3.0,0.0,3240.0,1.0,0.0,0.0,1.0,1.0
30,1995,flat,sector 36,0.4,1.0,1.0,1.0,3.0,436.0,0.0,0.0,0.0,1.0,2.0
31,211,flat,sector 92,0.5,3.0,3.0,1.0,1.0,711.0,0.0,0.0,2.0,2.0,0.0
32,3512,flat,sector 43,6.5,4.0,4.0,4.0,0.0,2712.0,1.0,0.0,0.0,1.0,2.0
33,1023,flat,sector 95,0.45,2.0,2.0,2.0,1.0,571.0,0.0,0.0,0.0,1.0,0.0
34,1718,flat,sector 88a,0.95,2.0,2.0,2.0,3.0,1452.0,0.0,0.0,0.0,2.0,2.0
35,2892,flat,sector 82,3.0,4.0,6.0,4.0,3.0,4425.0,1.0,0.0,1.0,2.0,0.0
36,842,flat,sector 74,1.6,2.0,2.0,2.0,3.0,1508.0,0.0,0.0,1.0,0.0,0.0
37,270,flat,sector 78,0.75,2.0,2.0,1.0,0.0,1239.0,0.0,0.0,0.0,1.0,2.0
38,393,flat,sohna road,0.65,2.0,2.0,2.0,3.0,1043.0,0.0,0.0,0.0,2.0,1.0
39,1322,flat,sector 36,0.37,1.0,1.0,1.0,3.0,319.0,0.0,0.0,1.0,2.0,2.0
40,1117,flat,sohna road,0.95,2.0,2.0,4.0,1.0,1129.0,0.0,0.0,1.0,2.0,2.0
41,2986,flat,sector 67,1.0,3.0,3.0,4.0,0.0,1406.0,0.0,0.0,0.0,1.0,1.0
42,893,flat,sector 99,0.4,2.0,2.0,2.0,1.0,733.0,0.0,0.0,0.0,2.0,2.0
43,93,flat,sector 91,1.75,4.0,3.0,4.0,3.0,2107.0,1.0,1.0,0.0,2.0,2.0
44,1957,flat,sector 106,1.4,4.0,6.0,4.0,3.0,1535.0,1.0,0.0,0.0,0.0,2.0
45,1992,flat,sector 86,0.43,2.0,2.0,1.0,1.0,557.0,0.0,0.0,0.0,2.0,2.0
46,3427,house,sector 48,8.2,3.0,3.0,2.0,0.0,3240.0,1.0,0.0,2.0,0.0,1.0
47,2636,flat,sector 69,1.68,4.0,4.0,2.0,3.0,1819.0,0.0,0.0,0.0,2.0,1.0
48,1788,flat,sector 49,2.35,3.0,3.0,3.0,3.0,2030.0,0.0,0.0,0.0,1.0,0.0
49,1071,flat,sector 90,1.25,4.0,5.0,2.0,3.0,2330.0,1.0,0.0,0.0,0.0,2.0
50,196,flat,sector 109,1.4,3.0,3.0,4.0,3.0,1466.0,0.0,1.0,0.0,2.0,2.0
51,2642,flat,sector 92,0.7,2.0,2.0,3.0,4.0,1217.0,0.0,0.0,0.0,1.0,2.0
52,3440,house,sector 14,4.5,5.0,5.0,1.0,3.0,2778.0,0.0,0.0,0.0,1.0,1.0
53,1366,flat,sector 113,2.0,3.0,3.0,3.0,1.0,1806.0,0.0,0.0,0.0,2.0,0.0
54,3379,flat,sector 92,0.8,4.0,4.0,3.0,0.0,1893.0,0.0,0.0,0.0,2.0,1.0
55,2419,flat,sector 62,0.9,1.0,1.0,0.0,3.0,639.0,0.0,0.0,0.0,1.0,1.0
56,2647,house,sector 24,11.0,8.0,11.0,4.0,2.0,5000.0,1.0,0.0,1.0,1.0,2.0
57,443,flat,sector 106,6.3,5.0,6.0,4.0,4.0,3797.0,0.0,0.0,1.0,2.0,2.0
58,1272,flat,sector 72,6.75,4.0,4.0,4.0,1.0,4000.0,1.0,0.0,1.0,0.0,1.0
59,3101,flat,sector 70,1.75,3.0,5.0,3.0,1.0,1527.0,1.0,0.0,0.0,1.0,2.0
60,3489,flat,sector 37d,1.55,4.0,3.0,4.0,3.0,2100.0,0.0,0.0,1.0,2.0,0.0
61,2236,flat,sector 48,5.15,3.0,3.0,4.0,0.0,2364.0,1.0,0.0,2.0,2.0,2.0
62,759,flat,sector 37,0.4,2.0,2.0,3.0,4.0,756.0,0.0,0.0,0.0,2.0,2.0
63,761,flat,sector 59,3.9,3.0,1.0,0.0,4.0,2295.0,0.0,0.0,0.0,1.0,1.0
64,2248,flat,sohna road,0.26,2.0,2.0,1.0,3.0,535.0,0.0,0.0,0.0,2.0,2.0
65,1583,flat,sector 88a,2.1,4.0,4.0,3.0,1.0,1745.0,1.0,0.0,0.0,2.0,1.0
66,1532,flat,sector 62,2.1,2.0,2.0,3.0,1.0,1500.0,0.0,0.0,1.0,1.0,0.0
67,289,flat,sector 104,1.35,4.0,5.0,4.0,3.0,2991.0,1.0,1.0,0.0,2.0,1.0
68,1074,flat,sector 95,0.55,2.0,2.0,3.0,1.0,990.0,0.0,0.0,0.0,1.0,0.0
69,3033,flat,sector 37,0.99,3.0,4.0,3.0,3.0,1660.0,1.0,0.0,0.0,1.0,2.0
70,1398,flat,sector 48,2.7,3.0,3.0,4.0,3.0,2000.0,1.0,0.0,1.0,0.0,2.0
71,2272,flat,sector 88,0.92,2.0,2.0,2.0,3.0,1300.0,0.0,0.0,0.0,0.0,2.0
72,1003,flat,sector 69,2.05,4.0,4.0,2.0,3.0,1889.0,0.0,0.0,0.0,0.0,1.0
73,179,flat,sector 49,1.69,3.0,3.0,3.0,0.0,2178.0,0.0,0.0,0.0,2.0,2.0
74,1192,house,sector 28,1.45,3.0,2.0,1.0,3.0,1800.0,0.0,0.0,0.0,1.0,1.0
75,26,house,sector 4,0.4,1.0,1.0,0.0,0.0,450.0,0.0,0.0,0.0,1.0,1.0
76,461,flat,sector 50,2.5,3.0,3.0,3.0,3.0,1894.0,0.0,0.0,1.0,2.0,0.0
77,2805,flat,sector 90,2.0,4.0,4.0,4.0,0.0,2468.0,1.0,0.0,0.0,1.0,0.0
78,2726,flat,sector 2,0.4,1.0,1.0,1.0,0.0,450.0,0.0,0.0,1.0,1.0,2.0
79,32,flat,sector 66,3.5,3.0,3.0,3.0,0.0,2125.0,1.0,1.0,1.0,2.0,2.0
80,2194,flat,sector 86,1.25,3.0,4.0,3.0,3.0,1339.0,0.0,0.0,0.0,1.0,1.0
81,2822,flat,gwal pahari,1.38,3.0,3.0,2.0,3.0,1294.0,0.0,0.0,1.0,0.0,1.0
82,964,flat,sector 107,0.35,2.0,2.0,2.0,3.0,608.0,0.0,0.0,0.0,1.0,2.0
83,51,flat,sector 82,0.81,2.0,2.0,2.0,3.0,1176.0,0.0,0.0,1.0,2.0,0.0
84,602,flat,sector 72,3.5,4.0,5.0,4.0,3.0,2625.0,1.0,0.0,0.0,1.0,0.0
85,2024,flat,sector 33,1.7,3.0,3.0,4.0,1.0,1500.0,1.0,0.0,0.0,1.0,2.0
86,2407,flat,sector 5,0.26,1.0,1.0,1.0,3.0,648.0,0.0,0.0,0.0,1.0,2.0
87,2118,flat,sector 107,0.88,2.0,2.0,4.0,3.0,1236.0,0.0,0.0,0.0,2.0,2.0
88,2423,flat,sector 78,1.05,3.0,3.0,3.0,0.0,1853.0,0.0,0.0,0.0,1.0,2.0
89,3206,flat,sector 90,1.65,4.0,4.0,4.0,3.0,1900.0,0.0,0.0,0.0,2.0,2.0
90,2982,flat,sector 82,1.37,3.0,3.0,3.0,3.0,2000.0,1.0,0.0,1.0,2.0,0.0
91,2698,flat,sector 61,2.57,3.0,3.0,2.0,4.0,1630.0,0.0,0.0,0.0,1.0,2.0
92,1557,flat,sector 113,1.32,2.0,2.0,2.0,3.0,1199.0,0.0,0.0,0.0,1.0,2.0
93,2069,flat,sector 85,1.19,2.0,2.0,3.0,3.0,1670.0,0.0,0.0,0.0,1.0,0.0
94,321,flat,sohna road,0.28,2.0,2.0,2.0,3.0,500.0,0.0,0.0,1.0,1.0,2.0
95,790,flat,sector 70a,1.69,3.0,3.0,4.0,1.0,1900.0,1.0,0.0,0.0,0.0,2.0
96,1586,flat,sector 99,2.45,3.0,4.0,3.0,1.0,2516.0,1.0,0.0,1.0,0.0,1.0
97,1106,flat,sector 69,1.37,3.0,3.0,1.0,3.0,1392.0,0.0,0.0,0.0,2.0,0.0
98,1352,flat,sector 70,1.15,2.0,2.0,2.0,3.0,1500.0,0.0,0.0,0.0,2.0,2.0
99,3066,house,sector 60,18.02,9.0,12.0,4.0,3.0,6390.0,1.0,0.0,1.0,2.0,2.0
100,1234,flat,sector 81,2.45,3.0,3.0,2.0,3.0,1800.0,1.0,0.0,1.0,0.0,2.0
101,184,flat,sector 52,5.0,5.0,7.0,4.0,0.0,5778.0,1.0,0.0,0.0,2.0,1.0
102,3180,flat,sector 83,1.33,4.0,4.0,3.0,3.0,2193.0,1.0,0.0,0.0,1.0,2.0
103,2864,flat,sector 37,0.66,2.0,2.0,4.0,3.0,1310.0,0.0,0.0,0.0,2.0,0.0
104,599,flat,sector 41,2.75,3.0,3.0,2.0,2.0,1640.0,0.0,0.0,2.0,2.0,0.0
105,573,flat,sector 79,1.1,3.0,3.0,3.0,3.0,2167.0,0.0,0.0,1.0,2.0,1.0
106,1235,flat,sector 68,0.92,2.0,2.0,3.0,4.0,1127.0,0.0,0.0,0.0,2.0,2.0
107,2925,flat,sector 39,2.0,3.0,3.0,4.0,2.0,2400.0,0.0,0.0,0.0,1.0,1.0
108,1572,flat,sector 37,1.43,3.0,3.0,4.0,3.0,1834.0,1.0,0.0,0.0,1.0,1.0
109,874,flat,sector 79,1.4,3.0,3.0,3.0,1.0,1656.0,0.0,0.0,1.0,2.0,1.0
110,315,house,sector 23,2.7,5.0,5.0,2.0,2.0,1450.0,0.0,0.0,1.0,1.0,2.0
111,3072,house,sector 109,6.15,5.0,5.0,4.0,3.0,2250.0,1.0,1.0,1.0,2.0,2.0
112,387,flat,sector 36,1.0,3.0,2.0,3.0,1.0,1122.0,0.0,0.0,0.0,2.0,1.0
113,999,flat,sector 111,0.36,1.0,1.0,1.0,3.0,450.0,0.0,0.0,0.0,1.0,2.0
114,139,house,sector 3,0.55,2.0,2.0,1.0,0.0,810.0,0.0,0.0,0.0,1.0,1.0
115,3329,flat,sohna road,0.99,2.0,2.0,2.0,4.0,1045.0,0.0,0.0,0.0,1.0,2.0
116,2665,flat,sector 89,1.1,2.0,2.0,2.0,1.0,1226.0,0.0,1.0,0.0,2.0,2.0
117,1027,flat,sector 108,0.7,2.0,2.0,3.0,0.0,1720.0,0.0,0.0,1.0,1.0,1.0
118,1675,flat,sector 68,0.84,2.0,2.0,2.0,1.0,1180.0,0.0,0.0,0.0,1.0,2.0
119,1742,flat,sector 68,1.13,2.0,2.0,3.0,3.0,1130.0,0.0,0.0,1.0,2.0,2.0
120,2789,flat,sector 102,1.6,3.0,3.0,3.0,3.0,1315.0,0.0,0.0,0.0,1.0,2.0
121,1442,flat,sector 37d,1.79,4.0,3.0,3.0,3.0,1808.0,0.0,0.0,1.0,1.0,0.0
122,2359,flat,sector 65,2.25,3.0,3.0,4.0,3.0,1493.0,1.0,0.0,0.0,0.0,2.0
123,2471,flat,sector 81,2.4,3.0,4.0,4.0,1.0,2407.0,1.0,0.0,1.0,0.0,2.0
124,1876,flat,sector 9,0.75,3.0,3.0,3.0,2.0,1433.0,0.0,0.0,0.0,1.0,2.0
125,3502,flat,sector 83,1.08,3.0,3.0,3.0,3.0,1537.0,0.0,1.0,0.0,2.0,2.0
126,2801,house,sector 7,0.45,3.0,2.0,0.0,2.0,1000.0,0.0,0.0,0.0,1.0,1.0
127,1793,house,sector 49,3.75,3.0,3.0,1.0,2.0,1701.0,0.0,0.0,1.0,1.0,1.0
128,1067,flat,sector 37,1.0,3.0,3.0,3.0,4.0,1629.0,0.0,0.0,0.0,2.0,2.0
129,1973,flat,sohna road,0.78,3.0,3.0,3.0,3.0,1344.0,0.0,0.0,0.0,0.0,1.0
130,2162,flat,sector 84,1.1,3.0,3.0,2.0,3.0,1584.0,0.0,0.0,0.0,2.0,2.0
131,1670,flat,sector 102,1.3,3.0,3.0,3.0,3.0,1388.0,1.0,0.0,0.0,2.0,2.0
132,2530,flat,sector 56,0.55,1.0,2.0,1.0,2.0,678.0,0.0,0.0,0.0,2.0,1.0
133,2542,flat,sector 102,1.49,3.0,3.0,3.0,3.0,1315.0,0.0,0.0,1.0,0.0,2.0
134,325,flat,sector 99,0.35,2.0,2.0,1.0,3.0,606.0,0.0,0.0,0.0,2.0,2.0
135,2475,flat,sector 33,2.96,4.0,4.0,3.0,1.0,2371.0,1.0,0.0,1.0,1.0,1.0
136,990,flat,sector 90,1.25,3.0,3.0,4.0,3.0,1929.0,1.0,0.0,0.0,2.0,2.0
137,1467,house,sector 109,6.8,4.0,5.0,3.0,3.0,5400.0,1.0,0.0,0.0,1.0,1.0
138,554,house,sector 26,3.25,3.0,3.0,3.0,2.0,8829.0,0.0,0.0,0.0,2.0,1.0
139,2952,house,sector 12,1.7,3.0,3.0,0.0,2.0,200.0,0.0,0.0,0.0,1.0,1.0
140,718,house,sohna road,5.5,3.0,3.0,4.0,0.0,3500.0,1.0,0.0,0.0,1.0,1.0
141,1941,flat,sohna road,0.54,2.0,2.0,1.0,3.0,922.0,0.0,0.0,0.0,1.0,1.0
142,1925,flat,sector 24,4.25,3.0,4.0,4.0,2.0,3201.0,1.0,0.0,1.0,2.0,2.0
143,1211,flat,sector 83,1.19,3.0,3.0,2.0,3.0,1778.0,1.0,0.0,1.0,1.0,2.0
144,551,flat,sector 86,0.95,3.0,2.0,1.0,1.0,1878.0,0.0,0.0,0.0,1.0,2.0
145,2222,flat,sector 107,0.28,2.0,2.0,2.0,3.0,543.0,0.0,0.0,0.0,1.0,0.0
146,3291,flat,sector 111,3.7,4.0,5.0,4.0,3.0,2650.0,1.0,0.0,1.0,0.0,0.0
147,52,flat,sector 53,5.6,3.0,3.0,4.0,4.0,2617.0,0.0,0.0,0.0,1.0,1.0
148,432,flat,sector 12,0.65,3.0,3.0,1.0,1.0,1167.0,0.0,0.0,1.0,1.0,1.0
149,1483,flat,sector 74,1.4,2.0,2.0,2.0,1.0,1289.0,0.0,0.0,1.0,0.0,0.0
150,807,flat,sector 79,1.3,3.0,3.0,2.0,3.0,1215.0,0.0,0.0,0.0,0.0,2.0
151,1376,flat,sector 70,1.25,2.0,2.0,3.0,3.0,1222.0,0.0,0.0,0.0,1.0,2.0
152,322,house,sector 28,4.5,4.0,4.0,0.0,3.0,3240.0,0.0,0.0,0.0,1.0,2.0
153,438,flat,sector 69,1.38,3.0,3.0,1.0,3.0,1392.0,0.0,0.0,0.0,2.0,0.0
154,2584,flat,sector 103,1.57,3.0,3.0,3.0,3.0,1845.0,0.0,0.0,0.0,1.0,1.0
155,557,flat,sector 89,0.8,2.0,2.0,2.0,4.0,1441.0,0.0,0.0,0.0,1.0,2.0
156,144,house,sector 51,2.25,6.0,3.0,4.0,3.0,900.0,0.0,0.0,0.0,2.0,2.0
157,2984,flat,sector 92,0.42,2.0,2.0,1.0,3.0,657.0,0.0,0.0,1.0,1.0,2.0
158,932,flat,sector 43,3.25,4.0,4.0,4.0,0.0,3115.0,0.0,0.0,1.0,2.0,0.0
159,76,flat,sector 48,9.3,4.0,4.0,4.0,0.0,3831.0,1.0,1.0,1.0,2.0,2.0
160,1080,flat,sector 79,1.3,2.0,2.0,3.0,1.0,1423.0,0.0,0.0,0.0,1.0,2.0
161,2851,flat,sector 106,1.34,4.0,5.0,4.0,3.0,1535.0,1.0,0.0,0.0,1.0,2.0
162,17,flat,sector 70a,1.15,2.0,2.0,3.0,1.0,1400.0,0.0,0.0,0.0,2.0,2.0
163,1564,house,sector 48,8.4,4.0,5.0,4.0,0.0,4000.0,1.0,0.0,1.0,1.0,1.0
164,1769,flat,sector 88,1.1,2.0,4.0,4.0,4.0,1350.0,0.0,0.0,0.0,2.0,1.0
165,736,flat,sector 2,3.35,4.0,4.0,4.0,1.0,5000.0,0.0,0.0,0.0,2.0,1.0
166,864,flat,sector 33,1.67,3.0,2.0,2.0,4.0,1857.0,0.0,0.0,0.0,2.0,0.0
167,1650,house,sector 3,0.9,3.0,1.0,0.0,0.0,1008.0,0.0,0.0,0.0,1.0,1.0
168,332,flat,sector 77,1.75,3.0,3.0,4.0,3.0,1900.0,1.0,0.0,0.0,2.0,0.0
169,298,flat,sector 65,3.0,3.0,3.0,3.0,4.0,1828.0,0.0,0.0,0.0,2.0,0.0
170,1251,flat,sector 49,2.9,4.0,4.0,4.0,0.0,2157.0,1.0,0.0,0.0,2.0,2.0
171,3492,flat,sector 92,0.8,4.0,3.0,2.0,3.0,1719.0,0.0,0.0,0.0,1.0,2.0
172,3454,flat,sector 62,9.95,4.0,6.0,3.0,3.0,3933.0,1.0,0.0,1.0,2.0,0.0
173,3388,house,sector 4,0.67,3.0,3.0,2.0,3.0,76.0,0.0,0.0,0.0,1.0,1.0
174,479,flat,sector 43,8.44,4.0,5.0,3.0,0.0,5000.0,1.0,0.0,2.0,2.0,2.0
175,705,house,sector 2,1.15,3.0,3.0,2.0,2.0,594.0,0.0,0.0,1.0,1.0,1.0
176,3156,flat,sector 70,1.8,3.0,3.0,4.0,1.0,1765.0,0.0,0.0,1.0,1.0,2.0
177,3493,flat,sector 104,1.85,3.0,4.0,4.0,3.0,2072.0,1.0,1.0,0.0,2.0,0.0
178,279,flat,sector 89,0.9,2.0,2.0,2.0,1.0,998.0,0.0,0.0,0.0,1.0,1.0
179,1791,flat,sohna road,0.7,3.0,3.0,3.0,3.0,1281.0,0.0,0.0,0.0,0.0,1.0
180,948,flat,sector 83,0.85,2.0,2.0,2.0,0.0,1100.0,0.0,0.0,1.0,2.0,0.0
181,3116,flat,sector 108,2.28,4.0,5.0,4.0,3.0,2515.0,0.0,0.0,0.0,2.0,2.0
182,486,flat,sector 67,2.85,4.0,4.0,4.0,0.0,2127.0,1.0,0.0,1.0,2.0,2.0
183,2561,flat,sector 86,1.55,3.0,3.0,1.0,3.0,1900.0,0.0,0.0,1.0,0.0,0.0
184,3091,flat,sector 49,3.6,4.0,5.0,3.0,0.0,3356.0,1.0,0.0,2.0,1.0,2.0
185,3213,flat,dwarka expressway,1.08,3.0,3.0,0.0,4.0,1758.0,0.0,0.0,0.0,1.0,1.0
186,1569,flat,sector 92,1.19,4.0,3.0,3.0,3.0,2533.0,1.0,0.0,0.0,2.0,0.0
187,2227,flat,sohna road,0.56,2.0,2.0,3.0,1.0,913.0,0.0,0.0,0.0,2.0,2.0
188,3028,flat,sector 102,1.25,2.0,2.0,2.0,3.0,1100.0,0.0,0.0,0.0,2.0,1.0
189,937,flat,sector 2,0.98,2.0,2.0,3.0,0.0,1416.0,0.0,0.0,0.0,2.0,0.0
190,1659,flat,sector 92,1.08,4.0,4.0,2.0,1.0,1891.0,1.0,0.0,0.0,2.0,0.0
191,203,flat,sector 86,1.65,3.0,4.0,3.0,3.0,1715.0,1.0,0.0,0.0,2.0,2.0
192,3398,flat,sector 108,1.6,3.0,4.0,4.0,3.0,1500.29,1.0,0.0,1.0,2.0,2.0
193,351,flat,sector 113,2.9,4.0,4.0,4.0,4.0,2553.0,1.0,0.0,0.0,1.0,0.0
194,1610,flat,sector 102,1.28,2.0,2.0,3.0,3.0,1100.0,0.0,0.0,0.0,1.0,2.0
195,2755,flat,sector 85,1.05,2.0,2.0,3.0,3.0,1484.0,0.0,0.0,0.0,1.0,0.0
196,30,flat,sector 81,0.64,2.0,2.0,3.0,3.0,1361.0,0.0,0.0,1.0,2.0,0.0
197,839,flat,sector 93,0.4,2.0,2.0,0.0,3.0,730.0,0.0,0.0,0.0,1.0,1.0
198,721,flat,sector 68,1.05,2.0,2.0,2.0,1.0,1200.0,0.0,0.0,1.0,2.0,0.0
199,1270,flat,sector 5,0.4,3.0,2.0,1.0,3.0,1000.0,0.0,0.0,0.0,1.0,2.0
200,538,house,sector 37d,1.16,1.0,1.0,0.0,3.0,1535.0,0.0,0.0,0.0,1.0,1.0
201,450,flat,sector 111,0.5,1.0,1.0,1.0,3.0,374.0,0.0,0.0,2.0,2.0,1.0
202,1373,flat,sector 111,3.45,4.0,5.0,4.0,3.0,2670.0,1.0,0.0,0.0,2.0,2.0
203,2688,flat,sector 107,0.37,2.0,2.0,1.0,3.0,496.0,0.0,0.0,0.0,2.0,2.0
204,1135,house,sector 109,5.85,4.0,5.0,4.0,3.0,2214.0,1.0,0.0,1.0,2.0,1.0
205,2119,flat,sector 67a,1.85,4.0,4.0,0.0,1.0,2556.0,0.0,0.0,0.0,1.0,2.0
206,921,flat,sector 69,1.4,3.0,3.0,2.0,3.0,1428.0,0.0,0.0,0.0,2.0,2.0
207,1578,flat,sector 48,1.6,3.0,3.0,4.0,2.0,1895.0,0.0,0.0,1.0,1.0,2.0
208,2529,flat,sector 69,1.6,3.0,3.0,2.0,3.0,1428.0,0.0,0.0,0.0,0.0,1.0
209,2588,house,sector 11,1.2,7.0,3.0,0.0,0.0,300.0,0.0,0.0,0.0,1.0,2.0
210,170,flat,sector 102,0.97,2.0,2.0,2.0,3.0,828.0,0.0,0.0,0.0,2.0,0.0
211,2124,flat,sector 71,0.39,1.0,1.0,2.0,1.0,294.0,0.0,0.0,0.0,1.0,1.0
212,463,flat,sector 53,6.44,4.0,4.0,3.0,0.0,3068.0,1.0,0.0,1.0,2.0,2.0
213,251,flat,sector 65,2.85,4.0,4.0,4.0,3.0,1975.0,1.0,0.0,1.0,0.0,1.0
214,1488,flat,sector 65,6.1,3.0,3.0,3.0,0.0,3027.0,1.0,0.0,1.0,0.0,0.0
215,478,flat,sector 86,1.3,2.0,2.0,3.0,3.0,1339.0,0.0,0.0,0.0,1.0,2.0
216,1739,flat,sector 107,1.49,3.0,4.0,4.0,3.0,2137.0,1.0,1.0,1.0,0.0,2.0
217,2287,flat,sector 61,1.7,2.0,2.0,2.0,4.0,1278.0,0.0,0.0,0.0,1.0,2.0
218,2340,house,sector 66,8.7,4.0,5.0,2.0,1.0,2250.0,1.0,0.0,0.0,2.0,2.0
219,192,flat,manesar,0.86,3.0,3.0,4.0,0.0,1900.0,1.0,0.0,0.0,2.0,2.0
220,1972,flat,sector 43,2.5,4.0,4.0,4.0,3.0,2398.0,0.0,0.0,1.0,2.0,1.0
221,2632,flat,sector 86,0.45,2.0,2.0,1.0,4.0,637.0,0.0,0.0,0.0,1.0,0.0
222,2516,flat,sector 33,1.79,3.0,3.0,3.0,2.0,1619.0,0.0,0.0,0.0,2.0,2.0
223,439,flat,sector 70a,1.2,2.0,2.0,3.0,0.0,1285.0,0.0,0.0,0.0,1.0,2.0
224,1727,flat,sector 83,0.95,2.0,2.0,3.0,3.0,1300.0,0.0,0.0,1.0,2.0,2.0
225,3095,house,sector 46,2.4,4.0,4.0,3.0,0.0,900.0,0.0,1.0,1.0,1.0,2.0
226,3270,flat,sector 37d,0.9,3.0,3.0,2.0,3.0,1185.0,0.0,0.0,2.0,1.0,0.0
227,183,flat,manesar,0.9,4.0,4.0,3.0,0.0,2233.0,0.0,0.0,0.0,1.0,2.0
228,33,house,sector 89,0.7,2.0,2.0,2.0,1.0,1297.0,0.0,0.0,0.0,1.0,0.0
229,166,flat,sector 104,2.6,4.0,4.0,4.0,3.0,3064.0,1.0,0.0,1.0,0.0,0.0
230,2159,flat,sector 92,1.1,4.0,3.0,2.0,1.0,1778.0,0.0,0.0,0.0,1.0,0.0
231,3021,flat,sector 108,2.6,3.0,3.0,2.0,3.0,1711.0,0.0,0.0,0.0,2.0,2.0
232,2484,house,sector 43,6.25,7.0,7.0,4.0,0.0,2034.0,1.0,1.0,0.0,1.0,2.0
233,3471,house,sector 50,9.8,4.0,4.0,3.0,0.0,3240.0,1.0,0.0,0.0,1.0,1.0
234,2025,flat,sector 61,1.47,2.0,2.0,2.0,1.0,1278.0,0.0,0.0,0.0,2.0,2.0
235,3165,flat,sector 83,1.25,3.0,2.0,1.0,3.0,1654.0,1.0,1.0,2.0,0.0,2.0
236,1011,flat,sector 78,1.15,3.0,3.0,3.0,0.0,1969.0,1.0,0.0,0.0,1.0,2.0
237,2643,flat,sector 82a,2.55,4.0,4.0,4.0,3.0,2273.0,0.0,0.0,2.0,1.0,0.0
238,1778,house,sector 12,1.7,1.0,1.0,1.0,2.0,1800.0,1.0,0.0,0.0,1.0,1.0
239,869,flat,gwal pahari,1.5,4.0,4.0,4.0,2.0,2013.0,1.0,0.0,0.0,2.0,2.0
240,2453,flat,sector 104,1.2,3.0,2.0,4.0,3.0,1607.0,0.0,0.0,1.0,2.0,0.0
241,1403,flat,sector 71,1.25,3.0,4.0,2.0,3.0,1577.0,1.0,0.0,2.0,2.0,0.0
242,1159,flat,sector 37,1.43,3.0,3.0,4.0,3.0,1845.0,1.0,0.0,0.0,1.0,1.0
243,1745,flat,sector 52,2.0,4.0,3.0,3.0,0.0,2091.0,1.0,0.0,2.0,2.0,2.0
244,411,house,sector 25,10.0,5.0,6.0,3.0,2.0,2700.0,1.0,1.0,1.0,2.0,2.0
245,2865,flat,sector 90,1.8,4.0,4.0,4.0,0.0,2468.0,0.0,0.0,0.0,2.0,0.0
246,578,flat,sector 70,1.23,2.0,2.0,3.0,3.0,1222.0,0.0,0.0,0.0,1.0,1.0
247,194,flat,sector 59,3.78,3.0,3.0,3.0,4.0,2550.0,0.0,0.0,0.0,1.0,2.0
248,644,flat,sector 110,1.8,3.0,3.0,4.0,3.0,1850.0,1.0,0.0,1.0,2.0,2.0
249,2430,flat,sector 48,1.78,3.0,4.0,2.0,3.0,1526.0,0.0,0.0,0.0,2.0,2.0
250,314,flat,sohna road,0.28,2.0,2.0,2.0,3.0,520.0,0.0,0.0,0.0,1.0,2.0
251,1295,flat,sector 54,5.7,3.0,3.0,3.0,0.0,1382.0,0.0,0.0,0.0,1.0,1.0
252,3267,flat,sector 108,2.15,3.0,4.0,4.0,3.0,4600.0,0.0,0.0,0.0,1.0,0.0
253,978,flat,sector 89,1.0,2.0,2.0,2.0,1.0,1226.0,0.0,0.0,0.0,1.0,1.0
254,229,flat,sector 102,1.75,3.0,3.0,4.0,3.0,1465.0,0.0,0.0,0.0,1.0,1.0
255,3149,flat,sector 37,1.05,3.0,3.0,3.0,3.0,1738.0,0.0,0.0,1.0,2.0,2.0
256,2763,house,sector 28,9.0,6.0,7.0,4.0,0.0,3240.0,1.0,1.0,0.0,2.0,2.0
257,3211,flat,sector 61,1.7,2.0,2.0,2.0,4.0,1244.0,0.0,0.0,0.0,2.0,2.0
258,2354,house,sector 28,11.25,9.0,9.0,4.0,0.0,3240.0,1.0,1.0,1.0,2.0,1.0
259,2644,house,sector 38,3.5,3.0,2.0,2.0,0.0,1722.0,0.0,0.0,0.0,1.0,1.0
260,2138,flat,sector 107,1.3,3.0,3.0,3.0,3.0,1547.0,0.0,0.0,0.0,2.0,2.0
261,295,house,sector 40,5.0,9.0,9.0,4.0,0.0,2367.0,1.0,1.0,1.0,2.0,2.0
262,3189,flat,sector 85,1.3,2.0,2.0,4.0,3.0,1406.0,0.0,1.0,0.0,2.0,0.0
263,2573,house,sector 28,11.75,4.0,5.0,4.0,3.0,2844.0,1.0,1.0,1.0,2.0,2.0
264,3058,flat,sector 68,1.0,2.0,2.0,2.0,1.0,1361.0,1.0,0.0,0.0,2.0,0.0
265,952,flat,sector 89,1.32,3.0,3.0,3.0,4.0,867.0,0.0,0.0,0.0,1.0,1.0
266,80,flat,sector 88a,1.0,2.0,2.0,3.0,3.0,1611.0,0.0,0.0,0.0,2.0,2.0
267,3456,house,sector 50,10.56,5.0,5.0,3.0,0.0,3240.0,1.0,0.0,0.0,1.0,2.0
268,1795,flat,gwal pahari,5.5,4.0,5.0,4.0,1.0,5249.0,1.0,0.0,0.0,0.0,0.0
269,2377,house,sector 86,2.5,4.0,4.0,4.0,0.0,3400.0,1.0,1.0,1.0,2.0,2.0
270,2022,flat,sector 82,1.25,3.0,4.0,4.0,4.0,1774.0,0.0,0.0,0.0,2.0,2.0
271,1498,flat,sector 111,4.67,4.0,4.0,4.0,4.0,3056.0,0.0,0.0,0.0,2.0,2.0
272,1128,house,sector 49,4.05,3.0,3.0,3.0,0.0,2000.0,1.0,1.0,0.0,1.0,1.0
273,291,house,sector 5,0.85,1.0,1.0,0.0,3.0,1000.0,0.0,0.0,0.0,1.0,1.0
274,1105,flat,sector 106,0.95,2.0,2.0,4.0,3.0,940.0,0.0,0.0,0.0,1.0,1.0
275,1455,flat,sector 90,0.65,2.0,2.0,3.0,0.0,1222.0,0.0,0.0,1.0,2.0,2.0
276,408,flat,sector 92,0.65,3.0,2.0,3.0,3.0,1240.0,0.0,0.0,0.0,1.0,2.0
277,410,house,sector 25,9.9,5.0,5.0,2.0,0.0,3375.0,0.0,0.0,1.0,2.0,1.0
278,2042,house,sector 2,2.55,3.0,3.0,2.0,2.0,1557.0,0.0,0.0,0.0,1.0,1.0
279,1407,house,sector 25,9.0,5.0,5.0,3.0,2.0,2700.0,1.0,1.0,0.0,2.0,2.0
280,1760,flat,sohna road,0.78,2.0,2.0,2.0,3.0,1144.0,0.0,0.0,0.0,2.0,2.0
281,2886,flat,sector 79,1.34,2.0,2.0,3.0,3.0,1423.0,0.0,0.0,0.0,0.0,1.0
282,2077,flat,sector 61,2.2,3.0,3.0,2.0,1.0,1721.0,0.0,0.0,0.0,0.0,2.0
283,1805,flat,sector 88a,1.45,3.0,3.0,3.0,3.0,1993.0,0.0,0.0,0.0,1.0,0.0
284,1921,flat,sector 83,1.12,3.0,3.0,2.0,0.0,1500.0,0.0,0.0,1.0,2.0,0.0
285,257,flat,sector 106,1.05,3.0,4.0,4.0,3.0,1345.0,1.0,0.0,0.0,0.0,2.0
286,415,flat,sector 108,3.95,3.0,4.0,2.0,3.0,2343.0,1.0,0.0,0.0,1.0,0.0
287,3074,flat,sohna road,0.29,2.0,2.0,1.0,3.0,743.0,0.0,0.0,0.0,1.0,2.0
288,3401,flat,sector 66,3.0,4.0,5.0,4.0,3.0,2100.0,1.0,0.0,1.0,1.0,2.0
289,511,flat,sector 37,1.27,3.0,3.0,3.0,3.0,1595.0,0.0,0.0,0.0,1.0,1.0
290,1497,flat,sector 67a,0.7,2.0,2.0,1.0,1.0,657.0,0.0,0.0,0.0,1.0,0.0
291,1783,flat,sector 72,3.1,4.0,5.0,4.0,0.0,3374.0,1.0,1.0,0.0,2.0,2.0
292,238,flat,sector 105,0.42,3.0,2.0,1.0,0.0,833.0,0.0,0.0,0.0,1.0,1.0
293,1954,flat,sector 86,0.78,2.0,2.0,2.0,1.0,1360.0,0.0,0.0,0.0,2.0,2.0
294,1694,flat,sector 107,0.5,3.0,2.0,2.0,3.0,717.0,0.0,0.0,0.0,1.0,2.0
295,1268,flat,sector 109,1.75,3.0,3.0,3.0,1.0,1466.0,0.0,0.0,0.0,1.0,2.0
296,2309,flat,sector 4,0.21,1.0,1.0,1.0,3.0,500.0,0.0,0.0,0.0,1.0,1.0
297,802,house,sector 105,1.2,4.0,4.0,1.0,0.0,900.0,0.0,0.0,0.0,1.0,1.0
298,174,flat,sector 70,1.65,3.0,5.0,3.0,3.0,1527.0,1.0,0.0,0.0,0.0,2.0
299,3192,flat,sector 82,1.0,2.0,2.0,2.0,3.0,1299.0,0.0,0.0,0.0,2.0,0.0
300,2443,flat,sector 111,5.25,4.0,6.0,4.0,3.0,4072.0,1.0,0.0,1.0,2.0,2.0
301,3463,flat,sector 70,1.65,3.0,4.0,3.0,3.0,1586.0,1.0,0.0,2.0,0.0,1.0
302,1553,flat,sector 89,1.25,3.0,3.0,0.0,1.0,1423.0,0.0,0.0,0.0,2.0,2.0
303,1037,house,sector 31,3.25,4.0,4.0,4.0,0.0,1449.0,1.0,1.0,1.0,1.0,2.0
304,1468,flat,sector 71,1.25,3.0,4.0,2.0,3.0,1577.0,1.0,0.0,1.0,0.0,2.0
305,2912,flat,sector 33,1.39,3.0,2.0,4.0,4.0,1333.0,0.0,0.0,0.0,2.0,0.0
306,102,flat,manesar,0.85,3.0,3.0,2.0,0.0,2556.0,0.0,0.0,0.0,1.0,1.0
307,402,flat,sector 70,1.64,3.0,5.0,3.0,3.0,1527.0,1.0,0.0,0.0,2.0,2.0
308,1909,flat,sector 65,2.85,3.0,3.0,3.0,4.0,1828.0,0.0,0.0,1.0,2.0,0.0
309,239,flat,sector 61,2.55,3.0,3.0,2.0,1.0,1630.0,0.0,0.0,0.0,1.0,2.0
310,1963,flat,sector 110,3.45,4.0,4.0,3.0,0.0,3077.0,1.0,0.0,1.0,2.0,2.0
311,358,flat,sector 102,1.99,2.0,2.0,2.0,1.0,1145.0,0.0,0.0,0.0,0.0,0.0
312,2028,flat,sector 62,2.45,2.0,2.0,2.0,1.0,1200.0,0.0,0.0,2.0,0.0,2.0
313,811,flat,sector 88a,1.29,3.0,3.0,3.0,1.0,1642.0,0.0,0.0,0.0,2.0,2.0
314,2903,flat,sector 67a,1.3,2.0,2.0,2.0,1.0,1296.0,0.0,0.0,0.0,2.0,1.0
315,2246,flat,sector 92,0.75,3.0,2.0,2.0,3.0,1556.0,0.0,0.0,0.0,1.0,0.0
316,1825,house,sector 4,0.6,3.0,3.0,1.0,2.0,57.0,0.0,0.0,0.0,1.0,1.0
317,44,house,sector 13,1.25,3.0,6.0,2.0,2.0,115.0,0.0,0.0,0.0,1.0,2.0
318,2477,flat,sector 85,1.1,2.0,2.0,3.0,3.0,1600.0,0.0,0.0,0.0,0.0,2.0
319,3346,house,sector 104,0.62,3.0,3.0,1.0,0.0,900.0,0.0,0.0,2.0,1.0,1.0
320,2285,house,sector 57,3.3,4.0,3.0,4.0,0.0,1665.0,1.0,1.0,0.0,0.0,1.0
321,3131,flat,sector 12,0.35,3.0,3.0,1.0,2.0,905.0,0.0,0.0,0.0,1.0,1.0
322,2538,house,sector 81,4.35,4.0,4.0,3.0,3.0,5480.0,1.0,1.0,0.0,2.0,1.0
323,1429,flat,sector 107,0.37,2.0,2.0,2.0,1.0,615.0,0.0,0.0,0.0,1.0,2.0
324,3542,house,sector 109,6.44,4.0,5.0,4.0,1.0,2430.0,1.0,1.0,0.0,2.0,2.0
325,1735,flat,sector 83,1.72,3.0,3.0,3.0,3.0,1600.0,1.0,0.0,1.0,0.0,2.0
326,58,house,sector 43,5.75,4.0,4.0,2.0,4.0,2430.0,1.0,1.0,2.0,0.0,2.0
327,1737,flat,manesar,0.9,3.0,3.0,4.0,0.0,1900.0,1.0,0.0,0.0,1.0,2.0
328,549,flat,sector 110,3.3,4.0,5.0,3.0,3.0,3032.0,1.0,0.0,0.0,2.0,2.0
329,2098,house,sector 4,0.55,2.0,1.0,1.0,0.0,75.0,0.0,0.0,0.0,1.0,1.0
330,3141,flat,sector 79,0.9,2.0,2.0,0.0,3.0,1295.0,0.0,0.0,0.0,1.0,0.0
331,1860,flat,sector 65,2.8,3.0,3.0,2.0,3.0,1650.0,1.0,0.0,0.0,2.0,2.0
332,1947,flat,sector 70,1.62,3.0,5.0,3.0,3.0,1527.0,1.0,0.0,0.0,1.0,2.0
333,969,house,sector 13,4.5,4.0,5.0,2.0,2.0,4950.0,0.0,0.0,0.0,1.0,1.0
334,1584,flat,sector 102,1.24,2.0,2.0,2.0,3.0,1100.0,0.0,0.0,0.0,2.0,2.0
335,309,house,sector 12,6.0,9.0,9.0,4.0,2.0,9000.0,0.0,0.0,0.0,1.0,2.0
336,1392,flat,sector 82a,2.91,4.0,4.0,3.0,4.0,3902.0,1.0,1.0,1.0,2.0,2.0
337,1618,flat,sector 67,3.4,3.0,4.0,3.0,3.0,2016.0,1.0,0.0,1.0,0.0,0.0
338,1132,house,sector 4,0.65,2.0,1.0,1.0,0.0,500.0,0.0,0.0,0.0,1.0,2.0
339,3433,flat,sector 49,2.51,3.0,3.0,4.0,2.0,2061.0,0.0,0.0,1.0,2.0,2.0
340,3394,flat,sector 109,1.8,3.0,3.0,4.0,3.0,2000.0,0.0,0.0,0.0,0.0,2.0
341,2812,flat,sector 112,2.5,2.0,2.0,3.0,3.0,1939.03,0.0,0.0,1.0,0.0,2.0
342,1665,house,sector 43,2.15,1.0,1.0,0.0,0.0,1650.0,0.0,0.0,0.0,1.0,1.0
343,3114,flat,sector 83,1.15,3.0,3.0,1.0,0.0,1607.0,0.0,0.0,1.0,2.0,2.0
344,1414,house,sector 49,2.5,3.0,3.0,2.0,0.0,1900.0,0.0,1.0,0.0,2.0,1.0
345,1422,flat,sector 58,2.2,2.0,2.0,1.0,3.0,1432.0,0.0,0.0,1.0,2.0,2.0
346,712,flat,sector 31,1.2,3.0,2.0,2.0,0.0,1450.0,0.0,0.0,2.0,2.0,1.0
347,3546,flat,sohna road,0.87,2.0,2.0,4.0,3.0,1131.0,0.0,0.0,0.0,2.0,2.0
348,188,flat,sector 95,0.46,2.0,2.0,2.0,1.0,809.0,0.0,0.0,0.0,2.0,0.0
349,1465,house,sector 43,3.3,1.0,1.0,0.0,4.0,1242.0,0.0,0.0,0.0,1.0,1.0
350,2707,flat,sector 22,3.5,3.0,4.0,4.0,1.0,2000.0,1.0,0.0,1.0,2.0,2.0
351,1377,flat,sector 49,2.23,3.0,3.0,3.0,3.0,1840.0,0.0,0.0,0.0,1.0,0.0
352,2210,house,sector 66,9.01,4.0,4.0,4.0,3.0,5574.7,1.0,1.0,0.0,2.0,2.0
353,1283,flat,sector 104,2.49,3.0,3.0,4.0,3.0,2217.0,1.0,0.0,1.0,2.0,0.0
354,2401,flat,sector 50,1.8,3.0,4.0,4.0,0.0,1870.0,1.0,0.0,1.0,0.0,2.0
355,1965,flat,sector 90,1.8,4.0,4.0,4.0,0.0,2005.0,0.0,0.0,0.0,1.0,2.0
356,354,flat,sector 63,8.5,4.0,4.0,0.0,1.0,3950.0,0.0,0.0,0.0,2.0,0.0
357,240,flat,sector 109,2.3,3.0,4.0,4.0,1.0,2339.0,1.0,0.0,0.0,2.0,2.0
358,2071,flat,sector 102,1.2,2.0,2.0,3.0,3.0,1073.0,0.0,0.0,0.0,1.0,1.0
359,2673,flat,sector 88a,1.15,2.0,2.0,1.0,1.0,120.0,0.0,0.0,0.0,2.0,0.0
360,912,house,sector 50,7.5,3.0,3.0,2.0,0.0,2160.0,1.0,0.0,1.0,2.0,1.0
361,678,flat,sector 65,5.2,3.0,3.0,3.0,3.0,2696.0,1.0,0.0,1.0,2.0,0.0
362,2678,house,sector 24,1.44,4.0,2.0,2.0,2.0,540.0,0.0,0.0,0.0,1.0,1.0
363,1022,house,sector 7,1.15,5.0,3.0,2.0,2.0,1350.0,0.0,0.0,0.0,1.0,1.0
364,2785,flat,sector 85,1.05,2.0,2.0,4.0,3.0,1512.0,0.0,1.0,0.0,2.0,2.0
365,2206,flat,sector 54,5.75,3.0,4.0,3.0,3.0,2329.0,1.0,0.0,2.0,0.0,0.0
366,2889,flat,sector 82a,2.95,4.0,5.0,4.0,3.0,2110.0,1.0,0.0,2.0,0.0,2.0
367,152,flat,sector 69,1.3,3.0,3.0,1.0,3.0,1419.0,0.0,0.0,0.0,2.0,0.0
368,752,flat,sector 72,4.1,4.0,5.0,4.0,1.0,2629.0,1.0,0.0,0.0,2.0,0.0
369,1220,flat,sector 68,1.0,2.0,2.0,3.0,1.0,1311.0,0.0,0.0,0.0,1.0,0.0
370,1057,flat,sector 109,1.65,3.0,3.0,3.0,3.0,1650.0,0.0,1.0,1.0,0.0,0.0
371,605,flat,sector 28,2.2,3.0,4.0,4.0,0.0,1956.0,1.0,0.0,2.0,1.0,2.0
372,256,flat,sector 102,1.35,3.0,3.0,3.0,3.0,1315.0,1.0,0.0,0.0,2.0,2.0
373,1601,flat,sector 85,1.05,2.0,2.0,3.0,3.0,1484.0,0.0,0.0,0.0,1.0,2.0
374,346,flat,sector 81,0.49,2.0,2.0,3.0,3.0,700.0,0.0,0.0,0.0,2.0,2.0
375,1210,house,sector 48,7.25,4.0,4.0,3.0,3.0,3240.0,1.0,1.0,1.0,2.0,1.0
376,3135,flat,sector 48,1.86,3.0,3.0,4.0,0.0,2199.0,1.0,0.0,1.0,2.0,2.0
377,3126,flat,sector 81,2.4,3.0,3.0,2.0,3.0,1800.0,1.0,0.0,2.0,0.0,2.0
378,3337,flat,sector 12,0.53,3.0,3.0,2.0,3.0,995.0,0.0,0.0,1.0,1.0,1.0
379,1832,flat,sector 95,0.56,2.0,2.0,2.0,3.0,1234.0,0.0,0.0,1.0,2.0,2.0
380,1826,flat,sector 33,0.95,2.0,2.0,4.0,4.0,1253.0,0.0,0.0,0.0,1.0,2.0
381,2727,flat,sector 37,1.5,3.0,4.0,4.0,1.0,2134.0,1.0,0.0,0.0,2.0,0.0
382,2507,house,sector 9,3.4,9.0,9.0,3.0,0.0,2628.0,0.0,0.0,1.0,2.0,2.0
383,1221,flat,sector 71,0.95,2.0,2.0,2.0,0.0,1084.0,0.0,0.0,1.0,2.0,2.0
384,949,flat,sector 85,1.05,2.0,2.0,1.0,4.0,97.0,0.0,0.0,0.0,1.0,0.0
385,178,flat,sector 92,0.75,3.0,4.0,3.0,0.0,1778.0,0.0,0.0,0.0,2.0,1.0
386,3179,flat,sector 56,2.05,4.0,4.0,4.0,0.0,2667.0,0.0,0.0,1.0,1.0,2.0
387,2560,flat,sector 90,0.86,3.0,4.0,3.0,3.0,1525.0,1.0,0.0,1.0,2.0,1.0
388,501,flat,sector 33,1.2,2.0,2.0,3.0,1.0,86.0,0.0,0.0,0.0,2.0,1.0
389,3366,flat,sector 85,2.2,4.0,5.0,4.0,3.0,2390.0,1.0,0.0,0.0,0.0,2.0
390,1803,flat,sector 90,0.96,3.0,4.0,3.0,1.0,1697.0,1.0,0.0,0.0,2.0,2.0
391,2778,flat,sector 66,1.51,2.0,2.0,2.0,3.0,1188.0,0.0,0.0,1.0,2.0,2.0
392,3373,flat,sector 74,1.47,2.0,2.0,3.0,1.0,1281.0,0.0,0.0,1.0,1.0,0.0
393,2347,flat,sector 90,0.65,2.0,2.0,3.0,3.0,1225.0,0.0,0.0,1.0,1.0,0.0
394,3370,flat,sector 90,0.85,3.0,4.0,3.0,3.0,1679.0,1.0,1.0,0.0,2.0,2.0
395,495,flat,sector 2,1.4,3.0,3.0,4.0,2.0,1611.0,0.0,0.0,2.0,2.0,2.0
396,621,house,sector 31,4.25,5.0,5.0,4.0,0.0,1620.0,0.0,1.0,1.0,2.0,2.0
397,14,house,sector 12,1.2,2.0,4.0,2.0,3.0,846.0,0.0,0.0,1.0,1.0,1.0
398,2601,house,sector 26,9.0,5.0,5.0,2.0,2.0,2700.0,1.0,1.0,2.0,2.0,2.0
399,173,flat,sector 90,1.2,3.0,3.0,4.0,0.0,2144.0,1.0,0.0,0.0,2.0,2.0
400,2304,flat,sector 106,1.15,3.0,4.0,3.0,3.0,1305.0,1.0,0.0,0.0,1.0,2.0
401,331,flat,sector 109,1.6,3.0,3.0,3.0,3.0,2303.0,1.0,0.0,0.0,2.0,2.0
402,1424,flat,sohna road,0.24,1.0,1.0,1.0,3.0,378.0,0.0,0.0,0.0,2.0,0.0
403,3239,flat,sohna road,0.95,2.0,2.0,3.0,4.0,1131.0,0.0,0.0,0.0,1.0,2.0
404,612,flat,manesar,1.2,3.0,4.0,2.0,3.0,1670.0,1.0,0.0,0.0,1.0,2.0
405,3096,flat,sohna road,0.9,2.0,2.0,2.0,3.0,1275.0,0.0,0.0,0.0,1.0,2.0
406,2020,flat,sector 91,1.9,4.0,4.0,3.0,3.0,2465.0,1.0,0.0,0.0,2.0,2.0
407,2753,flat,sector 103,1.1,3.0,3.0,4.0,1.0,1500.0,0.0,0.0,0.0,2.0,2.0
408,1406,house,sector 3,0.92,4.0,1.0,0.0,0.0,603.0,0.0,0.0,0.0,1.0,1.0
409,3111,flat,sector 102,1.75,3.0,4.0,4.0,3.0,1757.0,1.0,0.0,1.0,2.0,0.0
410,3006,flat,sector 61,2.25,3.0,3.0,2.0,4.0,1721.0,0.0,0.0,0.0,1.0,2.0
411,985,house,sector 43,14.0,9.0,9.0,4.0,0.0,3510.0,1.0,0.0,0.0,1.0,2.0
412,3279,flat,sector 3,0.8,3.0,3.0,1.0,2.0,1000.0,0.0,0.0,0.0,1.0,1.0
413,1546,house,sector 49,2.75,3.0,3.0,1.0,2.0,1386.0,0.0,0.0,1.0,2.0,1.0
414,1431,house,sector 6,0.66,3.0,2.0,1.0,2.0,612.0,0.0,0.0,0.0,1.0,1.0
415,324,house,sector 72,3.09,5.0,5.0,4.0,3.0,3653.0,1.0,0.0,1.0,1.0,0.0
416,997,flat,sector 92,0.5,3.0,3.0,1.0,3.0,579.0,0.0,0.0,0.0,1.0,1.0
417,2344,house,sector 11,0.95,5.0,3.0,0.0,0.0,1300.0,0.0,0.0,0.0,1.0,1.0
418,2299,flat,sector 90,0.5,2.0,2.0,1.0,1.0,650.0,0.0,0.0,0.0,1.0,2.0
419,63,flat,sector 2,0.56,1.0,1.0,2.0,0.0,723.0,0.0,0.0,0.0,2.0,2.0
420,266,flat,sector 69,1.38,3.0,3.0,1.0,3.0,1392.0,0.0,0.0,0.0,0.0,0.0
421,1446,flat,sector 86,1.23,2.0,2.0,3.0,3.0,1339.0,0.0,0.0,0.0,1.0,0.0
422,2104,flat,sector 67,1.2,3.0,3.0,2.0,3.0,200.0,0.0,0.0,0.0,1.0,1.0
423,157,flat,sector 90,1.6,4.0,4.0,4.0,3.0,2139.0,1.0,0.0,0.0,2.0,2.0
424,929,flat,sector 112,5.6,4.0,6.0,4.0,0.0,3662.34,1.0,0.0,1.0,0.0,0.0
425,61,flat,sector 89,0.25,1.0,1.0,1.0,1.0,430.0,0.0,0.0,0.0,2.0,2.0
426,2876,flat,sector 30,1.3,3.0,3.0,2.0,2.0,1401.0,0.0,0.0,0.0,1.0,1.0
427,3307,flat,sector 48,15.0,5.0,6.0,4.0,3.0,7444.0,1.0,0.0,2.0,1.0,0.0
428,254,house,sector 76,1.75,4.0,4.0,0.0,1.0,3111.0,0.0,0.0,0.0,1.0,0.0
429,2409,flat,sector 69,1.4,3.0,3.0,2.0,3.0,1428.0,0.0,0.0,0.0,2.0,0.0
430,1861,flat,sector 52,5.0,5.0,5.0,4.0,0.0,5200.0,0.0,0.0,0.0,1.0,1.0
431,1336,flat,sector 102,1.1,2.0,2.0,1.0,4.0,817.0,0.0,0.0,0.0,2.0,2.0
432,2854,house,sector 14,5.5,5.0,4.0,2.0,2.0,3240.0,0.0,0.0,0.0,1.0,1.0
433,803,flat,sector 63a,2.2,2.0,3.0,4.0,4.0,997.0,0.0,0.0,0.0,2.0,2.0
434,124,flat,sector 70,1.13,3.0,3.0,2.0,4.0,1457.0,0.0,0.0,0.0,1.0,1.0
435,1677,house,sector 43,7.0,5.0,5.0,4.0,3.0,2700.0,1.0,0.0,1.0,1.0,2.0
436,2499,flat,sector 69,1.7,3.0,3.0,2.0,3.0,1428.0,0.0,0.0,0.0,1.0,1.0
437,263,house,sector 56,7.5,8.0,8.0,4.0,3.0,3240.0,1.0,0.0,2.0,1.0,2.0
438,1459,flat,sector 104,1.32,2.0,2.0,2.0,3.0,1403.0,0.0,0.0,0.0,2.0,2.0
439,567,flat,sector 70,2.1,4.0,5.0,4.0,0.0,2114.0,1.0,0.0,1.0,2.0,2.0
440,544,flat,sector 37d,1.71,3.0,3.0,4.0,3.0,2191.0,0.0,0.0,0.0,1.0,2.0
441,976,flat,sector 107,0.75,2.0,2.0,4.0,3.0,1201.0,0.0,0.0,0.0,0.0,0.0
442,2670,flat,sector 33,1.08,2.0,2.0,3.0,4.0,85.0,0.0,0.0,0.0,2.0,2.0
443,506,flat,sector 90,1.25,3.0,3.0,2.0,3.0,1578.0,0.0,0.0,0.0,1.0,0.0
444,1360,house,sector 53,4.65,5.0,5.0,4.0,0.0,2646.0,0.0,0.0,1.0,1.0,1.0
445,1777,house,sector 10,1.7,2.0,1.0,2.0,2.0,900.0,0.0,0.0,0.0,1.0,1.0
446,1292,flat,sector 67,1.0,1.0,1.0,1.0,3.0,826.0,0.0,0.0,0.0,1.0,0.0
447,1811,flat,sector 111,2.65,3.0,4.0,2.0,3.0,2086.0,1.0,0.0,1.0,0.0,2.0
448,88,house,sector 50,10.45,5.0,7.0,4.0,0.0,3240.0,1.0,0.0,1.0,0.0,2.0
449,1842,house,sector 43,6.5,5.0,4.0,4.0,0.0,1836.0,1.0,0.0,1.0,2.0,2.0
450,2478,house,sector 17,1.52,2.0,2.0,1.0,2.0,105.0,0.0,0.0,0.0,1.0,1.0
451,2211,flat,sector 89,1.25,3.0,3.0,2.0,1.0,1581.0,0.0,0.0,0.0,1.0,2.0
452,2533,flat,sector 66,3.5,3.0,3.0,2.0,3.0,2200.0,0.0,0.0,0.0,2.0,2.0
453,1334,flat,sector 90,1.42,4.0,4.0,4.0,0.0,2139.0,1.0,1.0,0.0,1.0,2.0
454,1536,flat,sector 70a,1.2,3.0,3.0,4.0,3.0,1450.0,0.0,0.0,2.0,1.0,1.0
455,3265,flat,sector 102,2.4,4.0,4.0,4.0,3.0,1957.0,0.0,0.0,0.0,2.0,0.0
456,1538,flat,sector 79,1.15,3.0,3.0,4.0,4.0,1200.0,0.0,0.0,0.0,2.0,1.0
457,1746,flat,sector 108,2.9,3.0,4.0,2.0,1.0,2003.0,0.0,0.0,0.0,2.0,2.0
458,897,house,sector 4,0.8,2.0,3.0,1.0,0.0,675.0,0.0,0.0,0.0,1.0,1.0
459,1494,flat,sector 95,0.56,2.0,2.0,2.0,1.0,1364.0,0.0,0.0,0.0,1.0,2.0
460,3053,flat,sector 83,1.8,3.0,4.0,0.0,3.0,1900.0,0.0,0.0,0.0,2.0,2.0
461,3198,house,sector 23,4.0,3.0,3.0,2.0,0.0,2430.0,1.0,0.0,1.0,2.0,1.0
462,430,flat,sector 110,4.1,5.0,5.0,2.0,3.0,3500.0,1.0,0.0,0.0,0.0,2.0
463,3319,flat,sector 83,1.05,3.0,3.0,3.0,0.0,1468.0,0.0,0.0,1.0,2.0,2.0
464,120,flat,sector 49,1.72,3.0,3.0,2.0,2.0,2444.0,0.0,0.0,1.0,2.0,1.0
465,3429,house,sector 109,1.87,3.0,4.0,0.0,3.0,2150.0,0.0,0.0,0.0,1.0,0.0
466,527,flat,sector 109,1.6,3.0,3.0,3.0,3.0,1550.0,0.0,0.0,0.0,2.0,2.0
467,1097,flat,sector 69,1.75,4.0,4.0,2.0,3.0,1819.0,0.0,0.0,1.0,2.0,2.0
468,3488,flat,sector 85,1.2,2.0,2.0,4.0,3.0,1380.0,0.0,1.0,0.0,2.0,0.0
469,2367,flat,manesar,0.48,2.0,2.0,3.0,0.0,993.0,0.0,0.0,0.0,2.0,2.0
470,1822,flat,sector 95,0.4,2.0,2.0,2.0,1.0,571.0,0.0,0.0,1.0,1.0,2.0
471,1356,house,sector 109,6.3,4.0,5.0,4.0,3.0,7000.0,0.0,0.0,1.0,2.0,1.0
472,3015,flat,sector 2,0.56,1.0,2.0,2.0,0.0,723.0,0.0,0.0,0.0,2.0,2.0
473,691,flat,sector 83,0.65,1.0,1.0,0.0,3.0,700.0,0.0,0.0,0.0,1.0,2.0
474,283,house,sector 109,11.3,7.0,5.0,4.0,3.0,4500.0,1.0,0.0,0.0,1.0,2.0
475,1517,house,sector 48,6.4,3.0,4.0,3.0,3.0,2592.0,1.0,1.0,1.0,2.0,1.0
476,274,flat,sector 65,2.0,2.0,2.0,2.0,3.0,1433.0,0.0,0.0,0.0,1.0,0.0
477,925,flat,sector 70a,1.1,2.0,2.0,4.0,1.0,1312.0,0.0,0.0,0.0,2.0,2.0
478,594,flat,sector 37,1.26,3.0,3.0,3.0,1.0,1400.0,0.0,0.0,0.0,1.0,2.0
479,3283,house,sector 2,2.9,4.0,4.0,3.0,3.0,1557.0,0.0,1.0,1.0,1.0,1.0
480,109,flat,sector 67,3.65,3.0,4.0,4.0,3.0,2490.0,1.0,0.0,1.0,2.0,0.0
481,1149,house,sector 57,3.6,4.0,4.0,2.0,2.0,1728.0,1.0,1.0,0.0,2.0,1.0
482,810,flat,sector 61,1.6,2.0,2.0,2.0,1.0,1278.0,0.0,0.0,0.0,1.0,2.0
483,149,flat,sector 14,2.2,3.0,4.0,4.0,2.0,1956.0,0.0,0.0,0.0,1.0,2.0
484,214,flat,sector 77,1.79,3.0,3.0,3.0,1.0,1600.0,1.0,0.0,1.0,1.0,1.0
485,693,house,sector 7,3.1,3.0,3.0,2.0,2.0,2250.0,0.0,0.0,0.0,1.0,1.0
486,3194,house,sector 109,6.0,4.0,5.0,4.0,3.0,2430.0,1.0,0.0,1.0,2.0,1.0
487,729,flat,sector 104,0.22,1.0,2.0,2.0,1.0,335.0,0.0,0.0,0.0,2.0,1.0
488,650,house,sector 50,7.0,4.0,4.0,2.0,2.0,2160.0,1.0,0.0,0.0,1.0,1.0
489,423,flat,sector 109,1.5,3.0,3.0,4.0,3.0,1466.0,0.0,0.0,0.0,0.0,2.0
490,3360,house,sector 43,7.85,9.0,9.0,4.0,3.0,2700.0,1.0,0.0,2.0,1.0,2.0
491,368,flat,sector 37,0.99,3.0,5.0,4.0,3.0,1400.0,1.0,0.0,0.0,1.0,2.0
492,1869,flat,sector 66,3.98,3.0,4.0,4.0,0.0,2200.0,1.0,0.0,1.0,2.0,1.0
493,1566,flat,sector 22,4.1,3.0,3.0,4.0,1.0,2069.0,0.0,0.0,2.0,2.0,1.0
494,1174,house,sector 23,5.5,9.0,9.0,4.0,0.0,4200.0,1.0,0.0,1.0,1.0,2.0
495,2297,house,sector 56,8.0,10.0,10.0,4.0,3.0,8286.0,1.0,0.0,2.0,2.0,2.0
496,3262,flat,sector 70a,1.18,2.0,2.0,3.0,1.0,1400.0,0.0,0.0,0.0,2.0,2.0
497,764,flat,sector 56,1.99,4.0,4.0,4.0,2.0,2000.0,0.0,0.0,1.0,2.0,2.0
498,1454,flat,sector 55,1.9,4.0,3.0,4.0,0.0,2000.0,0.0,0.0,2.0,1.0,2.0
499,1632,house,sector 8,0.62,3.0,1.0,0.0,0.0,550.0,0.0,0.0,0.0,1.0,1.0
500,1927,house,sector 11,3.08,6.0,4.0,2.0,0.0,2700.0,0.0,0.0,0.0,1.0,1.0
501,1878,flat,sohna road,0.54,2.0,2.0,2.0,3.0,939.0,0.0,0.0,0.0,0.0,2.0
502,45,flat,sector 61,2.1,3.0,2.0,3.0,4.0,1534.0,0.0,0.0,0.0,2.0,2.0
503,2534,flat,sector 92,0.85,4.0,4.0,3.0,0.0,1607.0,0.0,0.0,0.0,1.0,2.0
504,1962,house,sector 72,8.6,4.0,5.0,4.0,3.0,7000.0,0.0,0.0,1.0,1.0,2.0
505,2859,flat,sector 69,1.37,3.0,3.0,1.0,3.0,1568.0,0.0,0.0,0.0,2.0,0.0
506,442,flat,sector 60,2.82,3.0,3.0,3.0,3.0,2400.0,1.0,0.0,1.0,0.0,1.0
507,3419,house,sector 50,6.8,4.0,5.0,3.0,2.0,2160.0,1.0,0.0,1.0,2.0,2.0
508,218,flat,sector 95,0.29,2.0,2.0,2.0,3.0,507.0,0.0,0.0,0.0,2.0,0.0
509,1729,flat,sector 74,1.54,2.0,2.0,4.0,3.0,1200.0,0.0,0.0,0.0,2.0,0.0
510,1652,flat,sector 84,1.01,3.0,3.0,2.0,3.0,1475.0,0.0,0.0,0.0,1.0,0.0
511,1765,flat,sector 65,2.4,3.0,3.0,3.0,3.0,1600.0,1.0,0.0,1.0,1.0,2.0
512,2131,house,sector 48,7.25,3.0,4.0,2.0,0.0,2592.0,1.0,1.0,1.0,2.0,1.0
513,2979,flat,sector 85,1.07,2.0,2.0,3.0,3.0,1484.0,0.0,0.0,0.0,2.0,0.0
514,3389,flat,sector 65,2.5,3.0,3.0,3.0,3.0,1493.0,1.0,0.0,0.0,1.0,2.0
515,1580,flat,sector 73,0.9,3.0,3.0,3.0,4.0,1622.0,1.0,0.0,0.0,2.0,2.0
516,3248,flat,sector 37d,1.8,4.0,3.0,3.0,3.0,1983.0,0.0,0.0,1.0,2.0,0.0
517,1236,flat,sector 69,1.4,3.0,3.0,1.0,3.0,1376.0,0.0,0.0,0.0,0.0,0.0
518,2871,flat,sector 93,1.45,3.0,4.0,2.0,3.0,1350.0,0.0,0.0,1.0,2.0,0.0
519,2921,house,sector 39,1.6,1.0,1.0,2.0,2.0,892.0,0.0,0.0,0.0,1.0,1.0
520,879,flat,sector 37,0.67,2.0,2.0,2.0,3.0,1086.0,0.0,0.0,0.0,1.0,2.0
521,838,house,sector 46,5.65,8.0,6.0,4.0,0.0,2367.0,1.0,0.0,1.0,2.0,2.0
522,2064,flat,sector 85,0.72,3.0,3.0,2.0,0.0,1350.0,0.0,0.0,0.0,1.0,2.0
523,2717,flat,sector 50,1.05,2.0,2.0,2.0,0.0,1098.0,0.0,0.0,0.0,2.0,1.0
524,840,house,sector 24,5.25,4.0,4.0,4.0,3.0,1350.0,1.0,0.0,1.0,2.0,1.0
525,2003,flat,sector 92,0.6,3.0,2.0,3.0,0.0,1333.0,0.0,0.0,1.0,1.0,2.0
526,0,flat,sector 36,0.82,3.0,2.0,2.0,1.0,850.0,0.0,0.0,0.0,1.0,1.0
527,1237,flat,sector 99,0.27,2.0,2.0,1.0,3.0,498.0,0.0,0.0,0.0,2.0,2.0
528,3416,flat,sector 89,1.14,3.0,3.0,2.0,4.0,1581.0,0.0,0.0,0.0,2.0,1.0
529,670,flat,sector 33,1.2,2.0,2.0,2.0,4.0,1492.0,0.0,0.0,0.0,2.0,1.0
530,2592,flat,sector 104,2.62,4.0,4.0,4.0,3.0,2851.0,1.0,0.0,0.0,0.0,0.0
531,1688,flat,sohna road,0.3,2.0,2.0,2.0,3.0,516.0,0.0,0.0,0.0,1.0,2.0
532,247,flat,sector 90,1.23,3.0,3.0,2.0,3.0,1578.0,0.0,0.0,0.0,1.0,0.0
533,1116,flat,sector 28,1.91,2.0,2.0,2.0,1.0,1278.0,0.0,0.0,2.0,2.0,0.0
534,2897,flat,sector 79,1.45,3.0,3.0,3.0,3.0,2161.0,0.0,0.0,0.0,1.0,2.0
535,2627,flat,sector 82,1.12,3.0,4.0,2.0,3.0,1500.0,1.0,0.0,1.0,0.0,2.0
536,679,flat,sector 88a,1.3,3.0,3.0,4.0,3.0,1990.0,0.0,0.0,0.0,2.0,2.0
537,2254,house,sector 2,5.7,9.0,9.0,4.0,0.0,2430.0,0.0,0.0,1.0,1.0,2.0
538,175,house,sector 13,1.5,2.0,7.0,3.0,0.0,1300.0,0.0,0.0,0.0,1.0,2.0
539,278,flat,sector 79,1.0,2.0,2.0,3.0,3.0,1700.0,0.0,0.0,0.0,1.0,2.0
540,2366,flat,sector 67,4.55,4.0,4.0,4.0,3.0,2833.0,1.0,0.0,1.0,0.0,0.0
541,2126,flat,sector 81,0.95,2.0,2.0,2.0,3.0,1150.0,0.0,0.0,1.0,0.0,0.0
542,1110,flat,sector 50,2.51,3.0,3.0,3.0,0.0,2093.0,0.0,1.0,1.0,2.0,0.0
543,2954,house,sector 23,5.1,3.0,2.0,0.0,2.0,3078.0,0.0,0.0,0.0,1.0,1.0
544,2256,flat,sector 103,1.35,3.0,3.0,4.0,3.0,1620.0,0.0,0.0,1.0,0.0,2.0
545,416,flat,sohna road,0.4,2.0,2.0,2.0,3.0,762.0,0.0,0.0,0.0,2.0,2.0
546,3212,flat,sohna road,0.36,2.0,2.0,1.0,1.0,522.0,0.0,0.0,0.0,1.0,1.0
547,217,flat,sohna road,0.26,1.0,1.0,1.0,1.0,438.0,0.0,0.0,0.0,1.0,2.0
548,2295,flat,gwal pahari,1.5,4.0,4.0,4.0,0.0,1850.0,0.0,0.0,0.0,2.0,2.0
549,642,flat,sector 72,5.25,4.0,4.0,4.0,1.0,3000.0,1.0,0.0,1.0,0.0,0.0
550,564,flat,sector 49,1.9,3.0,3.0,3.0,2.0,1600.0,0.0,0.0,1.0,1.0,1.0
551,1862,flat,sohna road,1.07,3.0,3.0,4.0,3.0,1600.0,0.0,0.0,0.0,0.0,2.0
552,2417,flat,sector 102,1.95,3.0,3.0,3.0,3.0,1676.0,0.0,0.0,0.0,2.0,2.0
553,1151,flat,sector 65,2.01,2.0,2.0,3.0,1.0,1482.0,0.0,0.0,0.0,1.0,2.0
554,744,flat,sector 83,0.8,2.0,2.0,2.0,0.0,1195.0,0.0,1.0,0.0,1.0,2.0
555,449,flat,sector 103,0.3,1.0,2.0,2.0,1.0,402.0,0.0,0.0,0.0,1.0,2.0
556,1175,flat,sector 90,1.25,3.0,3.0,3.0,3.0,1640.0,0.0,0.0,0.0,0.0,2.0
557,3535,flat,sector 82,1.15,3.0,4.0,2.0,3.0,1620.0,1.0,0.0,1.0,2.0,0.0
558,2467,house,sector 109,6.25,5.0,7.0,4.0,3.0,6228.0,1.0,1.0,0.0,2.0,2.0
559,433,house,sector 66,12.0,5.0,6.0,4.0,3.0,3150.0,1.0,1.0,1.0,0.0,2.0
560,1839,flat,sector 89,1.25,3.0,3.0,3.0,1.0,1288.0,0.0,0.0,0.0,2.0,2.0
561,371,flat,sector 82,0.85,2.0,2.0,2.0,3.0,1176.0,0.0,0.0,1.0,1.0,1.0
562,2915,flat,sector 85,1.75,3.0,4.0,3.0,3.0,2179.0,1.0,0.0,0.0,1.0,2.0
563,2130,flat,sector 82a,2.85,4.0,4.0,4.0,1.0,2179.0,1.0,0.0,2.0,0.0,1.0
564,1820,flat,sector 49,2.55,3.0,4.0,3.0,3.0,2060.0,0.0,0.0,1.0,1.0,2.0
565,3308,flat,sector 2,1.02,2.0,2.0,3.0,0.0,1281.0,0.0,0.0,0.0,2.0,0.0
566,3227,house,sector 9,0.35,2.0,2.0,1.0,2.0,360.0,0.0,0.0,0.0,1.0,1.0
567,1075,house,sector 105,0.74,3.0,3.0,0.0,0.0,1000.0,0.0,0.0,0.0,1.0,1.0
568,2788,house,sector 103,3.15,4.0,5.0,0.0,3.0,4700.0,0.0,0.0,0.0,2.0,0.0
569,2895,house,sector 109,5.7,4.0,5.0,4.0,3.0,5400.0,1.0,1.0,0.0,0.0,2.0
570,2770,flat,sector 70,2.35,4.0,4.0,4.0,0.0,2667.0,1.0,0.0,0.0,2.0,2.0
571,246,flat,dwarka expressway,1.3,3.0,3.0,2.0,4.0,1267.0,0.0,0.0,0.0,1.0,2.0
572,3333,house,sector 12,0.38,3.0,3.0,3.0,3.0,900.0,0.0,0.0,0.0,1.0,2.0
573,505,house,sector 66,18.0,5.0,6.0,4.0,3.0,4500.0,1.0,1.0,2.0,0.0,2.0
574,1450,house,sector 26,19.0,6.0,6.0,3.0,3.0,4518.0,1.0,0.0,1.0,2.0,1.0
575,1756,house,sector 49,6.75,5.0,4.0,2.0,2.0,3420.0,1.0,1.0,0.0,2.0,1.0
576,2847,house,sector 57,3.3,4.0,4.0,2.0,0.0,1728.0,0.0,1.0,1.0,2.0,2.0
577,3359,flat,sector 84,0.6,2.0,2.0,2.0,3.0,1086.0,0.0,0.0,0.0,2.0,0.0
578,1736,flat,sector 107,0.38,2.0,2.0,2.0,3.0,627.0,0.0,0.0,2.0,1.0,2.0
579,817,house,sohna road,0.95,3.0,10.0,4.0,1.0,1065.0,0.0,0.0,0.0,1.0,2.0
580,2080,flat,sector 33,1.35,3.0,4.0,2.0,0.0,1398.0,1.0,0.0,0.0,1.0,2.0
581,1798,flat,sector 56,0.47,1.0,1.0,1.0,2.0,672.0,0.0,0.0,1.0,2.0,2.0
582,2147,flat,sector 106,1.0,2.0,2.0,4.0,1.0,940.0,0.0,0.0,1.0,1.0,1.0
583,2676,flat,sector 33,1.31,2.0,2.0,2.0,4.0,85.0,0.0,0.0,0.0,2.0,2.0
584,1242,flat,sector 70,1.63,3.0,5.0,3.0,3.0,1527.0,1.0,0.0,0.0,1.0,0.0
585,1361,flat,sector 49,4.16,5.0,4.0,4.0,3.0,3219.0,1.0,0.0,0.0,1.0,0.0
586,3529,flat,sector 84,0.49,2.0,2.0,2.0,3.0,1018.0,0.0,0.0,0.0,2.0,0.0
587,1053,flat,sector 84,1.48,3.0,3.0,2.0,1.0,1624.0,1.0,1.0,1.0,2.0,1.0
588,907,flat,sector 86,0.78,2.0,2.0,1.0,1.0,1231.0,0.0,0.0,0.0,2.0,2.0
589,889,flat,sector 89,1.2,3.0,3.0,2.0,1.0,1423.0,0.0,0.0,0.0,1.0,2.0
590,485,flat,sector 104,1.3,3.0,2.0,4.0,3.0,1303.0,0.0,1.0,1.0,1.0,0.0
591,2860,house,sector 25,16.0,6.0,5.0,2.0,3.0,6000.0,0.0,0.0,0.0,1.0,2.0
592,940,flat,sohna road,0.66,2.0,2.0,3.0,3.0,978.0,0.0,0.0,0.0,1.0,0.0
593,258,flat,sector 14,4.26,4.0,4.0,0.0,2.0,3250.0,0.0,0.0,0.0,1.0,2.0
594,2428,flat,sector 68,2.22,3.0,2.0,3.0,3.0,1403.0,0.0,0.0,0.0,1.0,2.0
595,3088,flat,sector 95,0.32,2.0,2.0,1.0,3.0,563.0,0.0,0.0,2.0,1.0,2.0
596,2595,flat,sector 36,2.2,2.0,2.0,2.0,1.0,1338.0,0.0,0.0,0.0,1.0,0.0
597,3249,flat,sector 33,1.15,2.0,2.0,2.0,4.0,103.0,0.0,0.0,0.0,1.0,0.0
598,2564,flat,sector 79,1.2,3.0,3.0,3.0,3.0,1321.0,0.0,0.0,1.0,2.0,2.0
599,3548,house,sector 6,0.75,4.0,4.0,2.0,0.0,480.0,0.0,0.0,0.0,1.0,1.0
600,1926,flat,sector 102,2.22,3.0,4.0,4.0,3.0,2000.0,1.0,0.0,0.0,2.0,0.0
601,2686,flat,sector 61,2.5,3.0,3.0,1.0,4.0,1549.0,0.0,0.0,0.0,2.0,1.0
602,3435,flat,sector 85,0.9,3.0,3.0,3.0,3.0,1436.0,0.0,0.0,0.0,1.0,2.0
603,785,flat,sector 70,1.6,3.0,5.0,3.0,3.0,1527.0,1.0,0.0,0.0,2.0,2.0
604,2398,flat,sector 86,0.64,2.0,2.0,1.0,1.0,1360.0,0.0,0.0,0.0,2.0,2.0
605,2764,house,sector 82,3.2,3.0,4.0,3.0,1.0,2160.0,1.0,1.0,0.0,2.0,1.0
606,596,house,sector 92,0.85,4.0,4.0,3.0,3.0,1743.0,0.0,0.0,0.0,1.0,2.0
607,2284,flat,sector 57,1.12,2.0,2.0,1.0,2.0,950.0,0.0,0.0,0.0,2.0,1.0
608,1436,flat,sector 85,1.14,2.0,2.0,3.0,3.0,1484.0,0.0,0.0,0.0,2.0,2.0
609,296,flat,sector 78,0.88,3.0,4.0,3.0,0.0,1668.0,1.0,0.0,0.0,2.0,2.0
610,798,flat,sector 83,1.8,3.0,4.0,3.0,3.0,1551.0,1.0,1.0,1.0,0.0,2.0
611,507,flat,sector 84,1.05,3.0,3.0,3.0,3.0,1610.0,0.0,0.0,0.0,2.0,2.0
612,7,flat,sector 102,1.9,3.0,4.0,3.0,3.0,1710.0,1.0,0.0,0.0,0.0,2.0
613,1956,flat,sector 92,0.62,2.0,2.0,2.0,1.0,1498.0,0.0,0.0,0.0,1.0,2.0
614,3282,flat,sector 92,0.78,2.0,2.0,3.0,4.0,846.0,0.0,0.0,0.0,1.0,1.0
615,1614,flat,sector 92,1.0,4.0,4.0,3.0,3.0,2093.0,0.0,0.0,0.0,1.0,2.0
616,2458,flat,sector 81,2.7,3.0,3.0,3.0,3.0,2343.0,1.0,0.0,1.0,1.0,0.0
617,1419,flat,sector 108,3.95,4.0,5.0,3.0,3.0,2343.0,0.0,0.0,0.0,2.0,0.0
618,809,flat,sector 37d,1.0,3.0,3.0,4.0,0.0,1602.0,0.0,0.0,0.0,1.0,0.0
619,3423,flat,sohna road,0.55,2.0,2.0,3.0,1.0,828.0,0.0,0.0,0.0,2.0,2.0
620,2486,flat,sector 70a,1.64,3.0,3.0,4.0,1.0,1950.0,1.0,0.0,0.0,2.0,2.0
621,3218,flat,sector 104,2.65,4.0,4.0,4.0,3.0,2898.0,1.0,0.0,1.0,1.0,0.0
622,2514,house,sector 70a,5.25,5.0,4.0,4.0,1.0,2610.0,1.0,0.0,1.0,1.0,2.0
623,1206,flat,sector 109,2.95,4.0,5.0,4.0,3.0,2851.0,1.0,0.0,0.0,2.0,2.0
624,96,flat,sohna road,0.95,2.0,2.0,4.0,1.0,1175.97,0.0,0.0,0.0,2.0,2.0
625,2335,flat,sector 63a,3.23,3.0,3.0,3.0,1.0,1202.0,1.0,0.0,0.0,2.0,2.0
626,1743,flat,manesar,0.65,3.0,2.0,4.0,0.0,1696.0,0.0,0.0,0.0,1.0,2.0
627,657,flat,sector 92,0.8,3.0,2.0,2.0,3.0,1473.0,0.0,0.0,0.0,1.0,2.0
628,3169,house,sector 111,9.0,5.0,5.0,4.0,3.0,8000.0,1.0,0.0,0.0,2.0,2.0
629,25,flat,sector 28,0.9,4.0,2.0,4.0,2.0,1382.0,0.0,0.0,0.0,1.0,1.0
630,2281,flat,sector 88a,2.65,3.0,3.0,4.0,1.0,1582.0,0.0,0.0,0.0,2.0,2.0
631,3551,flat,sector 2,0.6,1.0,1.0,1.0,0.0,665.0,0.0,0.0,1.0,2.0,2.0
632,2408,flat,sohna road,0.25,1.0,1.0,1.0,3.0,386.0,0.0,0.0,0.0,2.0,1.0
633,1073,flat,sector 69,1.4,3.0,3.0,1.0,3.0,1392.0,0.0,0.0,1.0,0.0,0.0
634,1068,flat,sector 82,1.0,2.0,2.0,2.0,3.0,1299.0,0.0,0.0,1.0,2.0,0.0
635,1425,flat,sector 79,1.35,3.0,3.0,3.0,3.0,2161.0,0.0,0.0,0.0,1.0,2.0
636,2548,flat,sector 70a,1.1,2.0,2.0,2.0,3.0,1312.0,0.0,0.0,0.0,1.0,2.0
637,2218,flat,sector 104,1.85,3.0,3.0,4.0,3.0,2072.0,1.0,0.0,0.0,0.0,0.0
638,67,flat,sector 81,2.3,3.0,3.0,4.0,3.0,1617.0,1.0,0.0,2.0,1.0,0.0
639,1728,flat,sector 106,1.82,3.0,2.0,2.0,3.0,1359.0,0.0,0.0,0.0,1.0,2.0
640,2970,flat,sector 43,6.0,4.0,4.0,2.0,4.0,2667.0,1.0,0.0,1.0,1.0,1.0
641,3258,flat,sector 92,1.25,4.0,3.0,0.0,4.0,2040.0,0.0,0.0,0.0,1.0,0.0
642,3356,flat,sector 67,3.4,3.0,4.0,4.0,3.0,2134.0,1.0,0.0,1.0,0.0,0.0
643,2170,flat,sector 95,0.56,2.0,2.0,3.0,1.0,896.0,0.0,0.0,0.0,1.0,0.0
644,31,flat,sector 65,2.86,3.0,3.0,3.0,4.0,2267.0,1.0,0.0,0.0,1.0,0.0
645,3030,flat,sector 107,1.21,3.0,3.0,3.0,0.0,1713.0,0.0,0.0,1.0,2.0,2.0
646,2570,house,sector 109,11.25,7.0,5.0,4.0,3.0,4500.0,1.0,0.0,0.0,1.0,2.0
647,610,flat,sector 67,3.5,3.0,4.0,3.0,3.0,2490.0,1.0,0.0,1.0,2.0,0.0
648,2014,house,sector 26,19.0,6.0,8.0,4.0,0.0,4500.0,1.0,1.0,1.0,2.0,2.0
649,3288,flat,sector 108,2.33,3.0,3.0,3.0,3.0,1711.0,0.0,1.0,1.0,0.0,0.0
650,343,flat,sector 103,0.23,1.0,1.0,1.0,3.0,400.0,0.0,0.0,0.0,1.0,2.0
651,1501,flat,sector 72,3.9,4.0,4.0,4.0,3.0,2509.0,1.0,0.0,0.0,1.0,0.0
652,1513,flat,sector 70a,2.5,3.0,4.0,3.0,3.0,2127.0,1.0,1.0,1.0,0.0,2.0
653,3078,flat,sector 99,0.32,2.0,2.0,1.0,3.0,601.0,0.0,0.0,0.0,1.0,2.0
654,2699,flat,sector 85,2.2,4.0,6.0,3.0,3.0,3920.0,1.0,0.0,0.0,0.0,2.0
655,3025,house,sector 82,1.6,4.0,4.0,4.0,0.0,2425.0,1.0,0.0,0.0,2.0,0.0
656,2369,flat,sector 89,0.75,2.0,2.0,2.0,0.0,1032.0,0.0,0.0,0.0,1.0,2.0
657,1779,flat,sector 81,2.35,3.0,3.0,4.0,3.0,1550.0,1.0,0.0,2.0,1.0,0.0
658,1178,flat,sector 107,1.8,3.0,4.0,4.0,3.0,1837.0,1.0,0.0,0.0,2.0,1.0
659,3142,flat,sector 108,2.1,2.0,2.0,2.0,4.0,1250.0,0.0,0.0,0.0,2.0,2.0
660,1720,flat,sector 108,3.75,3.0,3.0,2.0,1.0,2120.0,1.0,0.0,0.0,2.0,0.0
661,2292,flat,sector 92,0.85,3.0,3.0,3.0,3.0,1801.0,0.0,0.0,0.0,2.0,1.0
662,1288,flat,sector 77,0.75,2.0,2.0,2.0,3.0,1180.0,0.0,0.0,1.0,0.0,2.0
663,576,flat,sector 55,1.44,3.0,3.0,2.0,0.0,1700.0,0.0,0.0,1.0,1.0,2.0
664,2804,flat,sector 85,1.3,2.0,2.0,2.0,1.0,1484.0,0.0,0.0,0.0,2.0,0.0
665,1196,flat,sector 92,0.5,2.0,2.0,3.0,0.0,905.0,0.0,0.0,0.0,1.0,1.0
666,1397,flat,sector 37d,1.07,3.0,3.0,2.0,4.0,1450.0,0.0,0.0,0.0,2.0,1.0
667,2245,flat,sector 67a,2.0,3.0,3.0,3.0,1.0,1584.0,0.0,0.0,0.0,1.0,0.0
668,528,house,sector 66,19.0,5.0,6.0,4.0,3.0,6667.0,1.0,1.0,1.0,2.0,2.0
669,176,flat,sector 84,0.69,2.0,2.0,4.0,3.0,1222.0,0.0,0.0,0.0,2.0,2.0
670,680,flat,sector 69,0.62,2.0,2.0,1.0,3.0,536.0,0.0,0.0,1.0,2.0,2.0
671,422,flat,sector 50,8.5,4.0,4.0,3.0,0.0,11111.0,1.0,0.0,0.0,1.0,2.0
672,1910,flat,sector 102,2.4,3.0,4.0,4.0,3.0,2334.0,0.0,0.0,1.0,1.0,2.0
673,1847,flat,sector 83,1.35,3.0,3.0,3.0,3.0,1387.0,1.0,0.0,0.0,1.0,2.0
674,1271,house,sector 43,11.5,7.0,8.0,4.0,2.0,9000.0,1.0,1.0,1.0,1.0,2.0
675,676,flat,sector 69,1.43,3.0,3.0,2.0,3.0,1455.0,0.0,0.0,0.0,2.0,1.0
676,776,flat,sector 63,3.0,3.0,3.0,3.0,1.0,2000.0,0.0,0.0,0.0,1.0,2.0
677,2890,flat,sector 47,2.4,3.0,4.0,4.0,0.0,1916.0,1.0,0.0,0.0,2.0,2.0
678,3158,flat,sector 104,2.63,4.0,4.0,4.0,3.0,2953.0,1.0,0.0,1.0,0.0,0.0
679,288,flat,sector 53,4.8,3.0,4.0,4.0,3.0,2500.0,1.0,0.0,1.0,0.0,2.0
680,2476,flat,sector 95,0.48,2.0,2.0,2.0,3.0,744.0,0.0,0.0,0.0,1.0,2.0
681,2353,house,sector 57,7.25,9.0,9.0,4.0,1.0,2700.0,1.0,0.0,1.0,1.0,1.0
682,3044,house,sector 26,18.0,5.0,4.0,4.0,0.0,4518.0,1.0,1.0,1.0,2.0,2.0
683,3434,flat,sector 33,1.25,2.0,2.0,4.0,4.0,1539.0,0.0,0.0,0.0,1.0,0.0
684,177,flat,sector 85,1.2,2.0,2.0,3.0,3.0,1660.0,0.0,0.0,0.0,1.0,0.0
685,794,flat,sohna road,0.25,2.0,2.0,1.0,3.0,587.0,0.0,0.0,0.0,1.0,1.0
686,3430,flat,sector 69,2.06,3.0,3.0,3.0,3.0,1640.0,0.0,0.0,0.0,1.0,0.0
687,2951,flat,sector 61,1.6,2.0,2.0,2.0,4.0,1278.0,0.0,0.0,0.0,1.0,2.0
688,3195,flat,manesar,0.9,3.0,3.0,4.0,0.0,2321.0,1.0,0.0,0.0,1.0,2.0
689,370,flat,sector 84,0.54,2.0,2.0,4.0,3.0,1086.0,0.0,0.0,0.0,2.0,0.0
690,2933,flat,sector 113,2.0,3.0,3.0,2.0,4.0,1507.0,0.0,0.0,0.0,1.0,0.0
691,598,flat,sector 56,2.05,4.0,4.0,4.0,3.0,2500.0,0.0,0.0,1.0,2.0,2.0
692,2154,flat,sohna road,0.5,2.0,2.0,2.0,1.0,591.0,0.0,0.0,0.0,1.0,2.0
693,2962,flat,sector 90,1.75,4.0,4.0,4.0,3.0,2005.0,0.0,0.0,0.0,1.0,2.0
694,1983,flat,sector 104,2.52,4.0,4.0,4.0,3.0,2800.0,1.0,1.0,1.0,0.0,0.0
695,1091,flat,sector 104,2.3,3.0,4.0,4.0,0.0,2217.0,1.0,0.0,0.0,2.0,2.0
696,2421,flat,sector 4,0.36,2.0,2.0,1.0,3.0,1056.0,0.0,0.0,0.0,1.0,2.0
697,1985,flat,sector 102,1.75,3.0,4.0,4.0,3.0,1748.0,1.0,0.0,1.0,2.0,0.0
698,1231,flat,sector 62,10.75,5.0,7.0,3.0,3.0,4990.0,1.0,0.0,1.0,0.0,2.0
699,141,flat,sector 90,0.65,2.0,2.0,3.0,3.0,1050.0,0.0,0.0,0.0,2.0,2.0
700,1850,flat,sector 43,5.8,4.0,4.0,4.0,2.0,2801.0,0.0,0.0,0.0,1.0,0.0
701,665,flat,sector 95,0.55,2.0,2.0,2.0,1.0,1256.0,0.0,0.0,0.0,2.0,0.0
702,2345,flat,sector 85,2.17,4.0,4.0,3.0,3.0,2600.0,1.0,0.0,0.0,1.0,2.0
703,1835,flat,sector 99,1.56,3.0,5.0,3.0,1.0,1807.0,1.0,0.0,0.0,1.0,2.0
704,654,flat,sector 86,1.05,3.0,3.0,3.0,4.0,1715.0,1.0,0.0,0.0,1.0,2.0
705,471,flat,sector 85,1.83,3.0,4.0,3.0,3.0,1925.0,0.0,0.0,0.0,1.0,2.0
706,1052,flat,sector 79,0.71,2.0,2.0,0.0,4.0,1295.0,0.0,0.0,0.0,1.0,2.0
707,3275,house,sector 21,1.6,5.0,5.0,2.0,3.0,120.0,0.0,0.0,0.0,1.0,2.0
708,1108,flat,sector 82a,1.8,3.0,3.0,4.0,3.0,1545.0,1.0,0.0,2.0,0.0,2.0
709,787,flat,sector 107,0.9,2.0,2.0,3.0,3.0,1281.0,0.0,0.0,1.0,2.0,2.0
710,2633,flat,sector 63a,2.0,3.0,3.0,2.0,4.0,1540.0,0.0,0.0,0.0,1.0,1.0
711,867,flat,sector 50,2.35,3.0,3.0,3.0,0.0,1900.0,0.0,0.0,1.0,1.0,2.0
712,3057,flat,sector 90,1.24,3.0,3.0,4.0,3.0,1600.0,0.0,0.0,0.0,2.0,2.0
713,1163,flat,sector 79,1.3,3.0,3.0,3.0,3.0,1176.0,0.0,1.0,1.0,2.0,0.0
714,195,flat,sector 102,1.42,3.0,3.0,3.0,3.0,1315.0,1.0,0.0,0.0,2.0,2.0
715,532,flat,sector 7,0.48,3.0,2.0,1.0,1.0,889.0,0.0,0.0,0.0,1.0,1.0
716,2230,house,sector 45,17.0,5.0,8.0,4.0,3.0,4500.0,1.0,1.0,2.0,0.0,2.0
717,2171,flat,sector 40,1.5,1.0,1.0,0.0,0.0,300.0,0.0,0.0,0.0,1.0,1.0
718,1029,flat,sector 86,0.44,2.0,2.0,2.0,3.0,668.0,0.0,0.0,1.0,2.0,2.0
719,1042,flat,sector 85,2.15,4.0,5.0,4.0,3.0,2366.0,1.0,0.0,0.0,0.0,2.0
720,927,flat,sohna road,0.95,2.0,2.0,4.0,4.0,1050.0,0.0,0.0,0.0,2.0,2.0
721,227,house,sector 57,3.15,5.0,4.0,4.0,0.0,1548.0,0.0,1.0,1.0,2.0,1.0
722,555,flat,sector 102,1.7,3.0,4.0,4.0,3.0,1700.0,1.0,0.0,1.0,0.0,2.0
723,755,flat,sector 43,2.0,3.0,3.0,2.0,2.0,1467.0,1.0,0.0,2.0,1.0,1.0
724,2684,flat,sector 50,1.88,3.0,3.0,4.0,0.0,1790.0,0.0,0.0,1.0,0.0,0.0
725,2132,flat,sohna road,0.75,3.0,2.0,4.0,1.0,1201.0,0.0,0.0,0.0,2.0,2.0
726,746,flat,sector 56,1.5,3.0,5.0,4.0,0.0,2250.0,0.0,0.0,1.0,2.0,2.0
727,2446,flat,sohna road,0.95,3.0,2.0,4.0,1.0,1210.0,0.0,0.0,0.0,2.0,2.0
728,631,flat,sector 61,2.45,3.0,3.0,3.0,1.0,1223.0,1.0,0.0,0.0,2.0,2.0
729,1592,house,sector 24,2.75,7.0,7.0,4.0,0.0,3000.0,0.0,0.0,1.0,1.0,2.0
730,2894,flat,sector 106,1.15,3.0,4.0,4.0,3.0,1186.0,1.0,0.0,1.0,0.0,0.0
731,162,flat,sector 61,2.24,3.0,3.0,2.0,1.0,1402.0,0.0,0.0,0.0,2.0,2.0
732,219,house,sector 1,1.85,4.0,3.0,2.0,0.0,1284.0,0.0,0.0,0.0,1.0,2.0
733,3503,flat,sector 22,4.63,3.0,5.0,4.0,1.0,2796.0,1.0,0.0,0.0,2.0,2.0
734,2596,flat,sector 107,0.94,2.0,2.0,4.0,0.0,1236.0,0.0,0.0,0.0,2.0,1.0
735,1263,flat,sector 72,3.21,3.0,4.0,4.0,3.0,2140.0,1.0,0.0,1.0,0.0,0.0
736,1055,flat,sector 67,2.87,3.0,3.0,4.0,3.0,2095.0,1.0,0.0,1.0,0.0,0.0
737,2163,flat,sector 91,0.89,2.0,2.0,4.0,3.0,1302.0,0.0,0.0,1.0,1.0,2.0
738,547,flat,sector 15,1.6,3.0,3.0,4.0,0.0,1611.0,0.0,0.0,0.0,2.0,1.0
739,818,flat,sector 109,0.79,3.0,2.0,2.0,3.0,1213.0,0.0,0.0,1.0,1.0,2.0
740,3538,flat,manesar,1.2,3.0,3.0,4.0,0.0,2944.0,1.0,0.0,0.0,1.0,2.0
741,1171,flat,sector 90,1.65,4.0,4.0,4.0,3.0,2214.0,0.0,0.0,0.0,0.0,0.0
742,568,flat,sohna road,0.27,2.0,2.0,2.0,1.0,521.0,0.0,0.0,0.0,1.0,2.0
743,2364,house,sector 105,1.35,5.0,3.0,3.0,0.0,3500.0,0.0,0.0,0.0,1.0,2.0
744,2470,house,sector 50,7.45,4.0,4.0,3.0,2.0,4500.0,1.0,0.0,1.0,2.0,2.0
745,2316,flat,sector 95,0.31,2.0,2.0,1.0,3.0,610.0,0.0,0.0,1.0,2.0,2.0
746,2527,flat,sector 84,0.94,3.0,2.0,4.0,1.0,1222.0,0.0,0.0,1.0,2.0,2.0
747,611,flat,sector 33,2.1,3.0,3.0,2.0,4.0,1619.0,0.0,0.0,0.0,1.0,2.0
748,1582,flat,sector 90,1.95,4.0,4.0,4.0,3.0,2456.0,1.0,1.0,0.0,0.0,0.0
749,3254,house,sector 2,5.6,8.0,6.0,4.0,0.0,3240.0,1.0,1.0,0.0,1.0,1.0
750,1647,flat,sector 76,1.92,3.0,3.0,2.0,4.0,1672.0,0.0,0.0,0.0,2.0,1.0
751,742,flat,sector 102,1.95,3.0,3.0,3.0,1.0,1616.0,0.0,0.0,1.0,0.0,2.0
752,965,flat,sector 109,2.15,3.0,4.0,3.0,3.0,1896.0,1.0,0.0,0.0,2.0,2.0
753,1952,flat,sector 85,2.15,4.0,5.0,4.0,3.0,2545.0,1.0,0.0,0.0,0.0,1.0
754,1204,flat,sector 36,0.41,2.0,2.0,3.0,1.0,654.0,0.0,0.0,0.0,1.0,2.0
755,581,house,sector 57,9.25,5.0,5.0,4.0,3.0,5580.0,1.0,1.0,1.0,0.0,2.0
756,3547,flat,sector 106,0.92,2.0,2.0,4.0,3.0,940.0,0.0,0.0,0.0,0.0,1.0
757,905,flat,sector 4,0.42,2.0,2.0,1.0,3.0,833.0,0.0,0.0,1.0,1.0,2.0
758,812,flat,sector 68,1.0,2.0,2.0,2.0,1.0,1311.0,0.0,0.0,0.0,2.0,0.0
759,73,house,sector 41,2.65,3.0,3.0,3.0,1.0,1400.0,1.0,0.0,1.0,1.0,2.0
760,48,flat,sector 89,1.71,3.0,2.0,0.0,1.0,1423.0,0.0,0.0,0.0,1.0,2.0
761,1833,flat,sector 50,3.0,3.0,3.0,4.0,2.0,2357.0,1.0,0.0,1.0,2.0,0.0
762,1064,flat,sector 83,0.4,1.0,1.0,1.0,3.0,520.0,0.0,0.0,2.0,2.0,2.0
763,1006,flat,sector 113,2.4,3.0,4.0,4.0,3.0,1940.0,1.0,0.0,0.0,1.0,2.0
764,3164,flat,sector 92,1.9,4.0,4.0,4.0,3.0,1920.0,1.0,0.0,0.0,1.0,2.0
765,1991,flat,sector 62,2.1,2.0,2.0,2.0,1.0,1365.0,1.0,0.0,0.0,2.0,0.0
766,756,flat,sector 86,1.6,3.0,3.0,4.0,3.0,1548.0,0.0,0.0,1.0,0.0,2.0
767,1044,flat,sector 3,1.1,2.0,2.0,2.0,4.0,956.0,0.0,0.0,0.0,2.0,0.0
768,1402,house,sector 50,12.5,4.0,4.0,4.0,3.0,3060.0,1.0,0.0,2.0,0.0,1.0
769,2784,flat,sector 79,1.93,3.0,4.0,4.0,3.0,2047.0,1.0,0.0,0.0,0.0,2.0
770,1164,flat,sector 63a,1.4,2.0,2.0,2.0,4.0,1372.0,0.0,0.0,0.0,1.0,2.0
771,1461,house,sector 8,0.82,2.0,3.0,3.0,0.0,900.0,0.0,0.0,0.0,1.0,1.0
772,3246,flat,sector 84,0.73,2.0,2.0,4.0,3.0,1026.0,0.0,1.0,0.0,0.0,2.0
773,3513,flat,sector 85,1.15,2.0,2.0,3.0,3.0,1263.0,0.0,0.0,0.0,2.0,0.0
774,2991,flat,sector 99,0.32,2.0,2.0,2.0,1.0,502.0,0.0,0.0,0.0,2.0,0.0
775,2259,flat,sector 61,1.5,2.0,2.0,2.0,4.0,1333.0,0.0,0.0,0.0,1.0,1.0
776,572,flat,sector 82,1.3,4.0,4.0,4.0,3.0,1774.0,1.0,0.0,0.0,2.0,1.0
777,1859,flat,sector 67,2.99,3.0,3.0,3.0,3.0,2200.0,1.0,0.0,1.0,1.0,2.0
778,2989,flat,sector 85,2.03,4.0,4.0,4.0,3.0,2225.0,0.0,0.0,0.0,1.0,2.0
779,1509,flat,sector 82,1.22,3.0,5.0,4.0,3.0,2000.0,1.0,0.0,1.0,2.0,2.0
780,881,flat,sector 69,1.68,3.0,3.0,2.0,3.0,1510.0,0.0,0.0,0.0,0.0,1.0
781,2167,flat,sector 103,1.69,3.0,3.0,4.0,3.0,1670.0,0.0,0.0,0.0,1.0,2.0
782,2260,flat,sector 37d,1.65,4.0,3.0,4.0,3.0,2091.0,0.0,0.0,1.0,2.0,2.0
783,2045,flat,sohna road,0.52,2.0,2.0,2.0,3.0,913.0,0.0,0.0,0.0,0.0,2.0
784,2488,flat,sector 67a,1.8,3.0,3.0,3.0,1.0,1551.0,1.0,1.0,1.0,0.0,2.0
785,3048,flat,sector 112,6.5,4.0,5.0,3.0,3.0,4800.0,0.0,0.0,0.0,2.0,0.0
786,2103,flat,sector 70a,1.25,2.0,2.0,3.0,3.0,1402.0,0.0,0.0,0.0,1.0,0.0
787,1047,flat,sector 78,1.2,1.0,2.0,2.0,4.0,823.0,0.0,0.0,0.0,1.0,0.0
788,2177,flat,sector 28,1.0,1.0,1.0,1.0,2.0,995.0,0.0,0.0,1.0,2.0,1.0
789,2483,flat,sector 71,0.65,2.0,2.0,1.0,3.0,590.0,0.0,0.0,1.0,1.0,2.0
790,3274,flat,sector 71,0.55,2.0,2.0,1.0,3.0,600.0,0.0,0.0,1.0,1.0,2.0
791,259,flat,sector 95,0.41,2.0,2.0,2.0,1.0,670.0,0.0,0.0,1.0,2.0,0.0
792,1556,flat,sector 102,1.35,3.0,3.0,3.0,3.0,1315.0,1.0,0.0,0.0,2.0,2.0
793,2266,flat,manesar,0.95,3.0,4.0,3.0,0.0,2232.0,1.0,0.0,0.0,2.0,2.0
794,3201,flat,sohna road,1.1,2.0,2.0,4.0,3.0,1319.0,0.0,0.0,1.0,1.0,0.0
795,3515,flat,sector 67,0.56,2.0,2.0,1.0,1.0,889.0,0.0,0.0,0.0,2.0,2.0
796,1503,flat,sector 62,4.0,3.0,3.0,3.0,1.0,2343.0,1.0,0.0,1.0,1.0,0.0
797,3233,flat,sector 37d,1.72,3.0,3.0,3.0,3.0,1373.0,0.0,0.0,1.0,1.0,2.0
798,2752,house,sector 28,2.58,4.0,2.0,2.0,3.0,1458.0,0.0,0.0,0.0,1.0,1.0
799,1918,flat,sector 37d,0.8,2.0,2.0,2.0,4.0,860.0,0.0,0.0,0.0,1.0,1.0
800,805,flat,sector 58,3.8,3.0,4.0,1.0,0.0,2164.0,1.0,0.0,1.0,0.0,0.0
801,3221,house,sector 57,3.75,3.0,4.0,3.0,0.0,1620.0,1.0,1.0,1.0,1.0,1.0
802,1731,flat,sector 83,1.38,3.0,3.0,3.0,3.0,1350.0,1.0,0.0,1.0,1.0,2.0
803,1233,flat,sector 95,0.9,3.0,3.0,1.0,3.0,2000.0,0.0,0.0,0.0,2.0,0.0
804,2567,flat,sohna road,0.35,2.0,2.0,2.0,3.0,556.0,0.0,0.0,0.0,1.0,2.0
805,2351,flat,sector 50,8.0,4.0,3.0,3.0,0.0,10000.0,1.0,0.0,0.0,1.0,2.0
806,1924,flat,sector 85,2.1,4.0,4.0,3.0,3.0,2600.0,0.0,0.0,0.0,1.0,1.0
807,1041,flat,sector 50,2.35,3.0,3.0,3.0,0.0,2000.0,0.0,1.0,1.0,2.0,2.0
808,2792,house,sector 106,5.6,5.0,4.0,4.0,1.0,4000.0,1.0,1.0,0.0,0.0,0.0
809,1697,flat,sector 104,1.16,3.0,4.0,4.0,3.0,2018.0,1.0,0.0,1.0,2.0,2.0
810,2111,flat,sector 37d,1.65,3.0,3.0,2.0,3.0,1699.0,0.0,0.0,0.0,2.0,0.0
811,1867,house,sector 105,0.6,3.0,3.0,0.0,0.0,450.0,0.0,0.0,0.0,1.0,2.0
812,1487,house,sector 25,10.55,5.0,6.0,4.0,0.0,2700.0,1.0,1.0,0.0,2.0,2.0
813,2543,flat,sector 77,0.8,2.0,2.0,2.0,3.0,1163.0,0.0,0.0,1.0,1.0,2.0
814,3187,flat,sector 22,2.4,2.0,2.0,2.0,3.0,1200.0,0.0,0.0,2.0,2.0,2.0
815,2697,flat,sector 69,1.7,4.0,4.0,2.0,3.0,1804.0,1.0,1.0,0.0,0.0,2.0
816,2916,flat,sector 81,0.48,2.0,2.0,1.0,3.0,547.0,0.0,0.0,1.0,1.0,0.0
817,108,flat,sector 110,1.4,3.0,3.0,3.0,3.0,1550.0,0.0,0.0,1.0,2.0,2.0
818,1993,flat,sector 50,3.25,3.0,4.0,4.0,2.0,2819.0,1.0,0.0,1.0,2.0,2.0
819,1222,flat,sector 1,0.85,3.0,3.0,4.0,0.0,1946.0,1.0,0.0,0.0,1.0,2.0
820,3031,flat,sector 99,1.08,3.0,5.0,3.0,3.0,1750.0,1.0,0.0,0.0,1.0,1.0
821,318,house,sector 6,1.0,6.0,4.0,0.0,0.0,240.0,0.0,0.0,0.0,1.0,2.0
822,816,flat,sector 74,1.6,2.0,2.0,2.0,1.0,1272.0,0.0,0.0,0.0,1.0,0.0
823,59,flat,sector 85,1.12,2.0,2.0,3.0,3.0,1485.0,0.0,0.0,0.0,1.0,2.0
824,3480,flat,sector 43,1.35,3.0,3.0,3.0,2.0,1320.0,0.0,0.0,1.0,2.0,1.0
825,3426,house,sector 28,6.0,4.0,4.0,4.0,2.0,2700.0,0.0,0.0,1.0,2.0,2.0
826,1094,flat,sector 92,0.92,4.0,5.0,4.0,0.0,1895.0,0.0,0.0,1.0,2.0,0.0
827,1261,flat,sector 12,2.7,4.0,3.0,3.0,2.0,3150.0,0.0,0.0,0.0,1.0,2.0
828,3462,flat,sector 86,1.5,3.0,3.0,4.0,3.0,1780.0,0.0,0.0,0.0,0.0,0.0
829,857,flat,sector 65,2.3,3.0,4.0,3.0,3.0,1833.0,1.0,1.0,2.0,0.0,2.0
830,765,flat,sector 79,0.71,2.0,2.0,4.0,1.0,1280.0,0.0,0.0,0.0,2.0,0.0
831,2092,flat,sector 77,2.1,3.0,4.0,4.0,1.0,1600.0,1.0,0.0,1.0,2.0,0.0
832,2913,flat,sector 43,6.0,4.0,4.0,4.0,2.0,2556.0,1.0,0.0,1.0,0.0,0.0
833,3384,flat,sector 37,0.55,1.0,1.0,0.0,3.0,669.0,0.0,0.0,0.0,1.0,2.0
834,2659,flat,sector 99,0.92,2.0,2.0,4.0,4.0,1235.0,0.0,0.0,0.0,2.0,0.0
835,3047,flat,sector 83,0.75,3.0,3.0,3.0,1.0,1162.0,0.0,0.0,1.0,1.0,2.0
836,727,flat,sector 67a,1.5,2.0,2.0,2.0,3.0,1500.0,0.0,1.0,1.0,1.0,2.0
837,2279,flat,sector 33,1.45,3.0,2.0,3.0,4.0,1512.0,0.0,0.0,0.0,1.0,2.0
838,1626,flat,sector 91,1.8,4.0,3.0,4.0,3.0,2578.0,0.0,0.0,2.0,1.0,1.0
839,220,flat,sector 2,0.95,2.0,2.0,3.0,2.0,1573.0,0.0,0.0,1.0,2.0,2.0
840,1667,flat,sector 33,1.35,3.0,2.0,4.0,1.0,1409.0,0.0,0.0,0.0,1.0,0.0
841,582,house,sector 25,4.5,5.0,3.0,2.0,2.0,1350.0,0.0,1.0,0.0,1.0,2.0
842,1025,flat,sector 83,1.1,3.0,3.0,4.0,3.0,1600.0,0.0,0.0,1.0,2.0,2.0
843,1001,house,sector 67,8.0,6.0,7.0,4.0,0.0,3600.0,1.0,1.0,1.0,0.0,2.0
844,1017,flat,sector 103,0.5,2.0,2.0,2.0,3.0,698.0,0.0,0.0,0.0,1.0,2.0
845,56,flat,sector 52,0.45,1.0,1.0,0.0,0.0,513.0,0.0,0.0,1.0,1.0,1.0
846,187,flat,sector 33,1.4,3.0,3.0,3.0,4.0,588.0,0.0,0.0,0.0,2.0,1.0
847,2096,house,sector 25,10.85,6.0,6.0,1.0,3.0,2844.0,0.0,1.0,1.0,2.0,2.0
848,2995,flat,sector 85,2.0,4.0,5.0,4.0,3.0,2545.0,1.0,1.0,0.0,2.0,1.0
849,2394,flat,sector 106,1.35,4.0,4.0,4.0,3.0,2100.0,1.0,0.0,1.0,0.0,0.0
850,2073,house,sector 109,5.7,4.0,4.0,4.0,3.0,5400.0,1.0,0.0,0.0,2.0,2.0
851,1188,flat,sector 77,2.1,3.0,3.0,3.0,1.0,1833.0,1.0,0.0,0.0,1.0,0.0
852,468,flat,sohna road,0.72,2.0,2.0,3.0,3.0,1095.0,0.0,0.0,0.0,0.0,2.0
853,3035,flat,sector 79,1.18,2.0,2.0,3.0,3.0,1252.0,0.0,0.0,0.0,0.0,2.0
854,1747,house,sector 25,10.5,5.0,5.0,3.0,0.0,3618.0,1.0,0.0,0.0,1.0,2.0
855,2212,flat,sector 65,13.2,4.0,4.0,3.0,0.0,12222.0,1.0,0.0,0.0,2.0,0.0
856,226,flat,sector 83,1.4,3.0,3.0,2.0,3.0,1570.0,0.0,0.0,1.0,2.0,2.0
857,535,flat,sector 70,1.75,3.0,4.0,2.0,3.0,1950.0,1.0,0.0,0.0,1.0,0.0
858,871,flat,sector 107,0.49,2.0,2.0,1.0,3.0,598.0,0.0,0.0,2.0,1.0,2.0
859,862,flat,sohna road,0.78,3.0,3.0,3.0,3.0,1344.0,0.0,0.0,0.0,0.0,2.0
860,2577,house,sector 82,7.0,4.0,4.0,4.0,3.0,3900.0,1.0,0.0,2.0,2.0,2.0
861,2590,flat,sector 43,2.5,4.0,4.0,4.0,0.0,2722.0,1.0,0.0,0.0,1.0,2.0
862,2487,flat,sector 30,0.69,2.0,2.0,1.0,2.0,896.0,0.0,0.0,0.0,2.0,2.0
863,2031,flat,sector 107,0.52,3.0,2.0,2.0,3.0,717.0,0.0,0.0,0.0,1.0,2.0
864,3153,flat,manesar,1.5,4.0,5.0,4.0,1.0,2135.0,1.0,0.0,0.0,1.0,2.0
865,210,flat,sector 81,3.3,4.0,5.0,4.0,3.0,3070.0,1.0,0.0,1.0,0.0,2.0
866,2836,house,sector 37d,1.27,3.0,3.0,3.0,4.0,1570.0,0.0,0.0,0.0,2.0,2.0
867,69,flat,sector 95,0.32,2.0,2.0,1.0,3.0,610.0,0.0,0.0,1.0,2.0,2.0
868,734,flat,sector 69,3.05,4.0,5.0,4.0,3.0,2856.0,1.0,0.0,0.0,1.0,0.0
869,2459,flat,sector 104,1.83,3.0,4.0,4.0,3.0,2000.0,1.0,0.0,0.0,0.0,2.0
870,3220,house,sector 70a,4.02,4.0,4.0,4.0,3.0,5500.0,1.0,1.0,0.0,2.0,2.0
871,3105,house,sector 4,0.5,2.0,3.0,2.0,2.0,540.0,0.0,0.0,0.0,1.0,2.0
872,376,flat,sector 92,0.5,3.0,3.0,2.0,3.0,1068.0,0.0,0.0,0.0,1.0,1.0
873,436,flat,sector 109,1.4,3.0,3.0,4.0,3.0,1584.0,0.0,0.0,0.0,2.0,0.0
874,2383,house,sector 11,0.44,3.0,2.0,1.0,3.0,128.0,0.0,0.0,0.0,1.0,1.0
875,1657,flat,sohna road,0.4,2.0,2.0,1.0,1.0,582.0,0.0,0.0,1.0,1.0,1.0
876,1615,flat,sector 90,0.45,2.0,2.0,1.0,1.0,696.0,0.0,0.0,1.0,1.0,1.0
877,208,flat,sector 65,5.9,3.0,3.0,3.0,0.0,3043.0,0.0,0.0,2.0,1.0,2.0
878,1213,flat,sector 111,0.6,2.0,2.0,3.0,1.0,789.0,0.0,0.0,0.0,2.0,2.0
879,565,flat,sohna road,0.93,2.0,2.0,2.0,4.0,1000.0,0.0,0.0,0.0,1.0,2.0
880,313,flat,sector 9,1.2,4.0,3.0,2.0,0.0,2000.0,0.0,0.0,1.0,1.0,2.0
881,601,house,sector 109,9.5,7.0,6.0,3.0,3.0,3600.0,1.0,0.0,0.0,2.0,2.0
882,233,flat,sector 106,2.1,4.0,6.0,4.0,3.0,2131.0,1.0,0.0,0.0,2.0,2.0
883,2639,house,sector 25,13.5,9.0,9.0,0.0,3.0,7000.0,0.0,0.0,0.0,1.0,1.0
884,3063,house,sector 48,5.75,4.0,4.0,2.0,0.0,2592.0,1.0,0.0,0.0,1.0,1.0
885,1084,flat,sector 28,2.26,3.0,3.0,2.0,2.0,1700.0,1.0,0.0,0.0,0.0,0.0
886,12,flat,sector 109,2.25,3.0,4.0,3.0,3.0,2339.0,1.0,0.0,0.0,2.0,0.0
887,111,flat,sector 69,1.44,3.0,3.0,2.0,3.0,1381.0,0.0,0.0,0.0,0.0,1.0
888,1606,house,sector 109,9.4,5.0,6.0,4.0,3.0,3600.0,1.0,1.0,1.0,2.0,1.0
